t,cmdty,state,district,state_id,district_id,market_id,market_name,p_min,p_max,p_modal
"2025-04-22","Onion","Maharashtra","Mumbai","27","519","3108","Vashi New Mumbai","800","1500","1150"
"2025-04-21","Onion","Maharashtra","Mumbai","27","519","3108","Vashi New Mumbai","800","1500","1150"
"2025-04-19","Onion","Maharashtra","Mumbai","27","519","3108","Vashi New Mumbai","700","1400","1050"
"2025-04-17","Onion","Maharashtra","Mumbai","27","519","3108","Vashi New Mumbai","800","1500","1150"
"2025-04-16","Onion","Maharashtra","Mumbai","27","519","3108","Vashi New Mumbai","700","1400","1050"
"2025-04-15","Onion","Maharashtra","Mumbai","27","519","3108","Vashi New Mumbai","800","1500","1150"
"2025-04-14","Onion","Maharashtra","Mumbai","27","519","3108","Vashi New Mumbai","800","1500","1150"
"2025-04-11","Onion","Maharashtra","Mumbai","27","519","3108","Vashi New Mumbai","800","1500","1120"
"2025-04-10","Onion","Maharashtra","Mumbai","27","519","3108","Vashi New Mumbai","900","1600","1250"
"2025-04-09","Onion","Maharashtra","Mumbai","27","519","3108","Vashi New Mumbai","900","1600","1250"
"2025-04-08","Onion","Maharashtra","Mumbai","27","519","3108","Vashi New Mumbai","1000","1700","1350"
"2025-04-07","Onion","Maharashtra","Mumbai","27","519","3108","Vashi New Mumbai","900","1600","1250"
"2025-04-05","Onion","Maharashtra","Mumbai","27","519","3108","Vashi New Mumbai","900","1600","1250"
"2025-04-04","Onion","Maharashtra","Mumbai","27","519","3108","Vashi New Mumbai","900","1700","1300"
"2025-04-03","Onion","Maharashtra","Mumbai","27","519","3108","Vashi New Mumbai","1000","1800","1400"
"2025-04-02","Onion","Maharashtra","Mumbai","27","519","3108","Vashi New Mumbai","1000","1800","1400"
"2025-04-01","Onion","Maharashtra","Mumbai","27","519","3108","Vashi New Mumbai","900","1700","1300"
"2025-03-28","Onion","Maharashtra","Mumbai","27","519","3108","Vashi New Mumbai","900","1800","1350"
"2025-03-27","Onion","Maharashtra","Mumbai","27","519","3108","Vashi New Mumbai","1000","1900","1450"
"2025-03-26","Onion","Maharashtra","Mumbai","27","519","3108","Vashi New Mumbai","1000","1900","1450"
"2025-03-25","Onion","Maharashtra","Mumbai","27","519","3108","Vashi New Mumbai","1000","1900","1450"
"2025-03-24","Onion","Maharashtra","Mumbai","27","519","3108","Vashi New Mumbai","1000","2000","1500"
"2025-03-22","Onion","Maharashtra","Mumbai","27","519","3108","Vashi New Mumbai","800","1600","1200"
"2025-03-21","Onion","Maharashtra","Mumbai","27","519","3108","Vashi New Mumbai","900","1700","1300"
"2025-03-20","Onion","Maharashtra","Mumbai","27","519","3108","Vashi New Mumbai","900","1800","1350"
"2025-03-19","Onion","Maharashtra","Mumbai","27","519","3108","Vashi New Mumbai","900","1900","1400"
"2025-03-18","Onion","Maharashtra","Mumbai","27","519","3108","Vashi New Mumbai","1000","2000","1500"
"2025-03-17","Onion","Maharashtra","Mumbai","27","519","3108","Vashi New Mumbai","900","1900","1400"
"2025-03-15","Onion","Maharashtra","Mumbai","27","519","3108","Vashi New Mumbai","1000","2000","1500"
"2025-03-13","Onion","Maharashtra","Mumbai","27","519","3108","Vashi New Mumbai","900","1900","1400"
"2025-03-12","Onion","Maharashtra","Mumbai","27","519","3108","Vashi New Mumbai","1000","2000","1500"
"2025-03-11","Onion","Maharashtra","Mumbai","27","519","3108","Vashi New Mumbai","1000","1900","1450"
"2025-03-10","Onion","Maharashtra","Mumbai","27","519","3108","Vashi New Mumbai","1000","2100","1550"
"2025-03-08","Onion","Maharashtra","Mumbai","27","519","3108","Vashi New Mumbai","1200","2400","1800"
"2025-03-07","Onion","Maharashtra","Mumbai","27","519","3108","Vashi New Mumbai","1200","2500","1850"
"2025-03-06","Onion","Maharashtra","Mumbai","27","519","3108","Vashi New Mumbai","1200","2600","1900"
"2025-03-05","Onion","Maharashtra","Mumbai","27","519","3108","Vashi New Mumbai","1300","2700","2000"
"2025-03-04","Onion","Maharashtra","Mumbai","27","519","3108","Vashi New Mumbai","1400","2800","2100"
"2025-03-03","Onion","Maharashtra","Mumbai","27","519","3108","Vashi New Mumbai","1300","2700","2000"
"2025-03-01","Onion","Maharashtra","Mumbai","27","519","3108","Vashi New Mumbai","1300","2800","2050"
"2025-02-28","Onion","Maharashtra","Mumbai","27","519","3108","Vashi New Mumbai","1200","2800","2000"
"2025-02-27","Onion","Maharashtra","Mumbai","27","519","3108","Vashi New Mumbai","1200","2800","2000"
"2025-02-25","Onion","Maharashtra","Mumbai","27","519","3108","Vashi New Mumbai","1100","2700","1900"
"2025-02-24","Onion","Maharashtra","Mumbai","27","519","3108","Vashi New Mumbai","1000","2800","1900"
"2025-02-22","Onion","Maharashtra","Mumbai","27","519","3108","Vashi New Mumbai","1000","2800","1900"
"2025-02-21","Onion","Maharashtra","Mumbai","27","519","3108","Vashi New Mumbai","1000","3000","2000"
"2025-02-20","Onion","Maharashtra","Mumbai","27","519","3108","Vashi New Mumbai","1000","3100","2050"
"2025-02-18","Onion","Maharashtra","Mumbai","27","519","3108","Vashi New Mumbai","1200","3300","2250"
"2025-02-17","Onion","Maharashtra","Mumbai","27","519","3108","Vashi New Mumbai","1300","3400","2350"
"2025-02-15","Onion","Maharashtra","Mumbai","27","519","3108","Vashi New Mumbai","1500","3600","2550"
"2025-02-14","Onion","Maharashtra","Mumbai","27","519","3108","Vashi New Mumbai","1300","3400","2350"
"2025-02-13","Onion","Maharashtra","Mumbai","27","519","3108","Vashi New Mumbai","1500","3300","2400"
"2025-02-07","Onion","Maharashtra","Mumbai","27","519","3108","Vashi New Mumbai","1300","3000","2150"
"2025-02-06","Onion","Maharashtra","Mumbai","27","519","3108","Vashi New Mumbai","1100","2800","1950"
"2025-02-05","Onion","Maharashtra","Mumbai","27","519","3108","Vashi New Mumbai","1100","2800","1950"
"2025-02-04","Onion","Maharashtra","Mumbai","27","519","3108","Vashi New Mumbai","1200","2900","2050"
"2025-02-03","Onion","Maharashtra","Mumbai","27","519","3108","Vashi New Mumbai","1000","2700","1850"
"2025-02-01","Onion","Maharashtra","Mumbai","27","519","3108","Vashi New Mumbai","1000","2800","1900"
"2025-01-31","Onion","Maharashtra","Mumbai","27","519","3108","Vashi New Mumbai","1000","2800","1900"
"2025-01-30","Onion","Maharashtra","Mumbai","27","519","3108","Vashi New Mumbai","1100","3000","2050"
"2025-01-29","Onion","Maharashtra","Mumbai","27","519","3108","Vashi New Mumbai","1100","2900","2000"
"2025-01-28","Onion","Maharashtra","Mumbai","27","519","3108","Vashi New Mumbai","1000","3000","2000"
"2025-01-27","Onion","Maharashtra","Mumbai","27","519","3108","Vashi New Mumbai","1000","31000","2050"
"2025-01-25","Onion","Maharashtra","Mumbai","27","519","3108","Vashi New Mumbai","1000","3000","2000"
"2025-01-24","Onion","Maharashtra","Mumbai","27","519","3108","Vashi New Mumbai","1000","3000","2000"
"2025-01-23","Onion","Maharashtra","Mumbai","27","519","3108","Vashi New Mumbai","1200","3200","2200"
"2025-01-22","Onion","Maharashtra","Mumbai","27","519","3108","Vashi New Mumbai","1200","3200","2200"
"2025-01-21","Onion","Maharashtra","Mumbai","27","519","3108","Vashi New Mumbai","1100","3100","2100"
"2025-01-20","Onion","Maharashtra","Mumbai","27","519","3108","Vashi New Mumbai","1000","2900","1950"
"2025-01-18","Onion","Maharashtra","Mumbai","27","519","3108","Vashi New Mumbai","900","2700","1800"
"2025-01-17","Onion","Maharashtra","Mumbai","27","519","3108","Vashi New Mumbai","1000","2800","1900"
"2025-01-16","Onion","Maharashtra","Mumbai","27","519","3108","Vashi New Mumbai","1000","2800","1900"
"2025-01-15","Onion","Maharashtra","Mumbai","27","519","3108","Vashi New Mumbai","900","2700","1800"
"2025-01-14","Onion","Maharashtra","Mumbai","27","519","3108","Vashi New Mumbai","800","2800","1800"
"2025-01-13","Onion","Maharashtra","Mumbai","27","519","3108","Vashi New Mumbai","800","2600","1700"
"2025-01-11","Onion","Maharashtra","Mumbai","27","519","3108","Vashi New Mumbai","800","2500","1650"
"2025-01-10","Onion","Maharashtra","Mumbai","27","519","3108","Vashi New Mumbai","1000","2700","1850"
"2025-01-09","Onion","Maharashtra","Mumbai","27","519","3108","Vashi New Mumbai","1000","3100","2050"
"2025-01-08","Onion","Maharashtra","Mumbai","27","519","3108","Vashi New Mumbai","1000","3000","2000"
"2025-01-07","Onion","Maharashtra","Mumbai","27","519","3108","Vashi New Mumbai","1000","3000","2000"
"2025-01-06","Onion","Maharashtra","Mumbai","27","519","3108","Vashi New Mumbai","500","3000","1750"
"2025-01-04","Onion","Maharashtra","Mumbai","27","519","3108","Vashi New Mumbai","500","3200","1850"
"2025-01-03","Onion","Maharashtra","Mumbai","27","519","3108","Vashi New Mumbai","500","3200","1850"
"2025-01-02","Onion","Maharashtra","Mumbai","27","519","3108","Vashi New Mumbai","500","3200","1850"
"2025-01-01","Onion","Maharashtra","Mumbai","27","519","3108","Vashi New Mumbai","1000","3200","2100"
"2024-12-31","Onion","Maharashtra","Mumbai","27","519","3108","Vashi New Mumbai","1000","3500","2250"
"2024-12-30","Onion","Maharashtra","Mumbai","27","519","3108","Vashi New Mumbai","800","3000","1900"
"2024-12-28","Onion","Maharashtra","Mumbai","27","519","3108","Vashi New Mumbai","800","2800","1800"
"2024-12-27","Onion","Maharashtra","Mumbai","27","519","3108","Vashi New Mumbai","800","2800","1800"
"2024-12-26","Onion","Maharashtra","Mumbai","27","519","3108","Vashi New Mumbai","500","2800","1650"
"2024-12-24","Onion","Maharashtra","Mumbai","27","519","3108","Vashi New Mumbai","500","2900","1700"
"2024-12-13","Onion","Maharashtra","Mumbai","27","519","3108","Vashi New Mumbai","800","4500","2650"
"2024-12-12","Onion","Maharashtra","Mumbai","27","519","3108","Vashi New Mumbai","1000","4800","2900"
"2024-12-11","Onion","Maharashtra","Mumbai","27","519","3108","Vashi New Mumbai","1000","5100","3050"
"2024-12-10","Onion","Maharashtra","Mumbai","27","519","3108","Vashi New Mumbai","1000","5100","3050"
"2024-12-09","Onion","Maharashtra","Mumbai","27","519","3108","Vashi New Mumbai","1000","5000","3000"
"2024-12-07","Onion","Maharashtra","Mumbai","27","519","3108","Vashi New Mumbai","1000","5000","3000"
"2024-12-06","Onion","Maharashtra","Mumbai","27","519","3108","Vashi New Mumbai","1500","5000","3250"
"2024-12-05","Onion","Maharashtra","Mumbai","27","519","3108","Vashi New Mumbai","2000","5000","3500"
"2024-12-03","Onion","Maharashtra","Mumbai","27","519","3108","Vashi New Mumbai","1700","5200","3450"
"2024-12-02","Onion","Maharashtra","Mumbai","27","519","3108","Vashi New Mumbai","1500","5000","3250"
"2024-11-30","Onion","Maharashtra","Mumbai","27","519","3108","Vashi New Mumbai","1500","5000","3250"
"2024-11-28","Onion","Maharashtra","Mumbai","27","519","3108","Vashi New Mumbai","1500","5000","3250"
"2024-11-27","Onion","Maharashtra","Mumbai","27","519","3108","Vashi New Mumbai","2700","5700","4200"
"2024-11-26","Onion","Maharashtra","Mumbai","27","519","3108","Vashi New Mumbai","2800","5800","4300"
"2024-11-25","Onion","Maharashtra","Mumbai","27","519","3108","Vashi New Mumbai","2800","5800","4300"
"2024-11-23","Onion","Maharashtra","Mumbai","27","519","3108","Vashi New Mumbai","3000","6000","4500"
"2024-11-22","Onion","Maharashtra","Mumbai","27","519","3108","Vashi New Mumbai","3000","6200","4600"
"2024-11-21","Onion","Maharashtra","Mumbai","27","519","3108","Vashi New Mumbai","3000","6000","4500"
"2024-11-18","Onion","Maharashtra","Mumbai","27","519","3108","Vashi New Mumbai","2000","5700","3850"
"2024-11-16","Onion","Maharashtra","Mumbai","27","519","3108","Vashi New Mumbai","2300","5700","4000"
"2024-11-14","Onion","Maharashtra","Mumbai","27","519","3108","Vashi New Mumbai","2500","5700","4100"
"2024-11-13","Onion","Maharashtra","Mumbai","27","519","3108","Vashi New Mumbai","3000","5900","4450"
"2024-11-12","Onion","Maharashtra","Mumbai","27","519","3108","Vashi New Mumbai","3000","6000","4500"
"2024-11-11","Onion","Maharashtra","Mumbai","27","519","3108","Vashi New Mumbai","3000","6000","4500"
"2024-11-09","Onion","Maharashtra","Mumbai","27","519","3108","Vashi New Mumbai","3000","6300","4650"
"2024-11-08","Onion","Maharashtra","Mumbai","27","519","3108","Vashi New Mumbai","3500","6200","4850"
"2024-11-07","Onion","Maharashtra","Mumbai","27","519","3108","Vashi New Mumbai","3000","6000","4500"
"2024-11-05","Onion","Maharashtra","Mumbai","27","519","3108","Vashi New Mumbai","2500","5700","4100"
"2024-11-04","Onion","Maharashtra","Mumbai","27","519","3108","Vashi New Mumbai","2000","5400","3700"
"2024-11-02","Onion","Maharashtra","Mumbai","27","519","3108","Vashi New Mumbai","1600","4900","3250"
"2024-10-30","Onion","Maharashtra","Mumbai","27","519","3108","Vashi New Mumbai","1800","4800","3300"
"2024-10-29","Onion","Maharashtra","Mumbai","27","519","3108","Vashi New Mumbai","2000","4700","3350"
"2024-10-28","Onion","Maharashtra","Mumbai","27","519","3108","Vashi New Mumbai","2000","4600","3300"
"2024-10-26","Onion","Maharashtra","Mumbai","27","519","3108","Vashi New Mumbai","2000","4700","3350"
"2024-10-25","Onion","Maharashtra","Mumbai","27","519","3108","Vashi New Mumbai","2000","4600","3300"
"2024-10-24","Onion","Maharashtra","Mumbai","27","519","3108","Vashi New Mumbai","2000","4600","3300"
"2024-10-23","Onion","Maharashtra","Mumbai","27","519","3108","Vashi New Mumbai","2300","4900","3600"
"2024-10-22","Onion","Maharashtra","Mumbai","27","519","3108","Vashi New Mumbai","2000","4700","3350"
"2024-10-21","Onion","Maharashtra","Mumbai","27","519","3108","Vashi New Mumbai","2000","4700","3350"
"2024-10-19","Onion","Maharashtra","Mumbai","27","519","3108","Vashi New Mumbai","2000","4600","3300"
"2024-10-18","Onion","Maharashtra","Mumbai","27","519","3108","Vashi New Mumbai","2000","4600","3300"
"2024-10-17","Onion","Maharashtra","Mumbai","27","519","3108","Vashi New Mumbai","2000","4500","3250"
"2024-10-16","Onion","Maharashtra","Mumbai","27","519","3108","Vashi New Mumbai","2000","4500","3250"
"2024-10-15","Onion","Maharashtra","Mumbai","27","519","3108","Vashi New Mumbai","2200","4400","3300"
"2024-10-14","Onion","Maharashtra","Mumbai","27","519","3108","Vashi New Mumbai","2700","4600","3650"
"2024-10-11","Onion","Maharashtra","Mumbai","27","519","3108","Vashi New Mumbai","2800","4500","3650"
"2024-10-10","Onion","Maharashtra","Mumbai","27","519","3108","Vashi New Mumbai","3000","4700","3850"
"2024-10-09","Onion","Maharashtra","Mumbai","27","519","3108","Vashi New Mumbai","2500","4700","3600"
"2024-10-07","Onion","Maharashtra","Mumbai","27","519","3108","Vashi New Mumbai","2500","4700","3600"
"2024-10-05","Onion","Maharashtra","Mumbai","27","519","3108","Vashi New Mumbai","2500","4900","3700"
"2024-10-04","Onion","Maharashtra","Mumbai","27","519","3108","Vashi New Mumbai","2500","4800","3650"
"2024-10-03","Onion","Maharashtra","Mumbai","27","519","3108","Vashi New Mumbai","3500","4500","4000"
"2024-10-02","Onion","Maharashtra","Mumbai","27","519","3108","Vashi New Mumbai","3500","4500","4000"
"2024-10-01","Onion","Maharashtra","Mumbai","27","519","3108","Vashi New Mumbai","3400","4400","3900"
"2024-09-30","Onion","Maharashtra","Mumbai","27","519","3108","Vashi New Mumbai","3600","4500","4050"
"2024-09-28","Onion","Maharashtra","Mumbai","27","519","3108","Vashi New Mumbai","3900","4900","4400"
"2024-09-27","Onion","Maharashtra","Mumbai","27","519","3108","Vashi New Mumbai","4000","4900","4450"
"2024-09-26","Onion","Maharashtra","Mumbai","27","519","3108","Vashi New Mumbai","4000","4800","4400"
"2024-09-24","Onion","Maharashtra","Mumbai","27","519","3108","Vashi New Mumbai","4200","5200","4700"
"2024-09-23","Onion","Maharashtra","Mumbai","27","519","3108","Vashi New Mumbai","4200","5200","4700"
"2024-09-21","Onion","Maharashtra","Mumbai","27","519","3108","Vashi New Mumbai","4000","5000","4500"
"2024-09-20","Onion","Maharashtra","Mumbai","27","519","3108","Vashi New Mumbai","3900","4700","4300"
"2024-09-19","Onion","Maharashtra","Mumbai","27","519","3108","Vashi New Mumbai","4000","4800","4400"
"2024-09-18","Onion","Maharashtra","Mumbai","27","519","3108","Vashi New Mumbai","4000","4800","4400"
"2024-09-16","Onion","Maharashtra","Mumbai","27","519","3108","Vashi New Mumbai","4100","5000","4550"
"2024-09-14","Onion","Maharashtra","Mumbai","27","519","3108","Vashi New Mumbai","3800","4700","4250"
"2024-09-13","Onion","Maharashtra","Mumbai","27","519","3108","Vashi New Mumbai","3600","4300","3950"
"2024-09-12","Onion","Maharashtra","Mumbai","27","519","3108","Vashi New Mumbai","3500","4200","3850"
"2024-09-11","Onion","Maharashtra","Mumbai","27","519","3108","Vashi New Mumbai","3500","4200","3850"
"2024-09-10","Onion","Maharashtra","Mumbai","27","519","3108","Vashi New Mumbai","3600","4300","3950"
"2024-09-09","Onion","Maharashtra","Mumbai","27","519","3108","Vashi New Mumbai","3500","4300","3900"
"2024-09-07","Onion","Maharashtra","Mumbai","27","519","3108","Vashi New Mumbai","3400","4200","3800"
"2024-09-06","Onion","Maharashtra","Mumbai","27","519","3108","Vashi New Mumbai","3400","4200","3800"
"2024-09-05","Onion","Maharashtra","Mumbai","27","519","3108","Vashi New Mumbai","3500","4300","3900"
"2024-09-04","Onion","Maharashtra","Mumbai","27","519","3108","Vashi New Mumbai","3400","4200","3800"
"2024-09-03","Onion","Maharashtra","Mumbai","27","519","3108","Vashi New Mumbai","3600","4500","4050"
"2024-09-02","Onion","Maharashtra","Mumbai","27","519","3108","Vashi New Mumbai","3200","4000","3600"
"2024-08-31","Onion","Maharashtra","Mumbai","27","519","3108","Vashi New Mumbai","3200","3900","3550"
"2024-08-30","Onion","Maharashtra","Mumbai","27","519","3108","Vashi New Mumbai","3200","3900","3550"
"2024-08-29","Onion","Maharashtra","Mumbai","27","519","3108","Vashi New Mumbai","3400","4000","3700"
"2024-08-28","Onion","Maharashtra","Mumbai","27","519","3108","Vashi New Mumbai","3300","4000","3650"
"2024-08-26","Onion","Maharashtra","Mumbai","27","519","3108","Vashi New Mumbai","3300","3900","3600"
"2024-08-24","Onion","Maharashtra","Mumbai","27","519","3108","Vashi New Mumbai","3400","4000","3700"
"2024-08-23","Onion","Maharashtra","Mumbai","27","519","3108","Vashi New Mumbai","3400","4100","3750"
"2024-08-22","Onion","Maharashtra","Mumbai","27","519","3108","Vashi New Mumbai","3300","4000","3650"
"2024-08-21","Onion","Maharashtra","Mumbai","27","519","3108","Vashi New Mumbai","2900","3600","3250"
"2024-08-20","Onion","Maharashtra","Mumbai","27","519","3108","Vashi New Mumbai","2800","3500","3150"
"2024-08-16","Onion","Maharashtra","Mumbai","27","519","3108","Vashi New Mumbai","2800","3400","3100"
"2024-08-14","Onion","Maharashtra","Mumbai","27","519","3108","Vashi New Mumbai","2900","3500","3200"
"2024-08-13","Onion","Maharashtra","Mumbai","27","519","3108","Vashi New Mumbai","2900","3500","3200"
"2024-08-12","Onion","Maharashtra","Mumbai","27","519","3108","Vashi New Mumbai","3000","3600","3300"
"2024-08-10","Onion","Maharashtra","Mumbai","27","519","3108","Vashi New Mumbai","2800","3300","3050"
"2024-08-09","Onion","Maharashtra","Mumbai","27","519","3108","Vashi New Mumbai","2500","3100","2800"
"2024-08-08","Onion","Maharashtra","Mumbai","27","519","3108","Vashi New Mumbai","2600","3200","2900"
"2024-08-07","Onion","Maharashtra","Mumbai","27","519","3108","Vashi New Mumbai","2500","3100","2800"
"2024-08-06","Onion","Maharashtra","Mumbai","27","519","3108","Vashi New Mumbai","2400","2900","2650"
"2024-08-05","Onion","Maharashtra","Mumbai","27","519","3108","Vashi New Mumbai","2400","3000","2700"
"2024-07-31","Onion","Maharashtra","Mumbai","27","519","3108","Vashi New Mumbai","2400","2900","2650"
"2024-07-30","Onion","Maharashtra","Mumbai","27","519","3108","Vashi New Mumbai","2400","2900","2650"
"2024-07-29","Onion","Maharashtra","Mumbai","27","519","3108","Vashi New Mumbai","2400","2900","2650"
"2024-07-26","Onion","Maharashtra","Mumbai","27","519","3108","Vashi New Mumbai","2400","2900","2650"
"2024-07-25","Onion","Maharashtra","Mumbai","27","519","3108","Vashi New Mumbai","2400","3000","2700"
"2024-07-24","Onion","Maharashtra","Mumbai","27","519","3108","Vashi New Mumbai","2400","3000","2700"
"2024-07-23","Onion","Maharashtra","Mumbai","27","519","3108","Vashi New Mumbai","2300","2900","2600"
"2024-07-22","Onion","Maharashtra","Mumbai","27","519","3108","Vashi New Mumbai","2400","3000","2700"
"2024-07-19","Onion","Maharashtra","Mumbai","27","519","3108","Vashi New Mumbai","2300","2900","2600"
"2024-07-18","Onion","Maharashtra","Mumbai","27","519","3108","Vashi New Mumbai","2400","3000","2700"
"2024-07-15","Onion","Maharashtra","Mumbai","27","519","3108","Vashi New Mumbai","2400","3100","2750"
"2024-07-12","Onion","Maharashtra","Mumbai","27","519","3108","Vashi New Mumbai","2400","3100","2750"
"2024-07-11","Onion","Maharashtra","Mumbai","27","519","3108","Vashi New Mumbai","2400","3100","2750"
"2024-07-10","Onion","Maharashtra","Mumbai","27","519","3108","Vashi New Mumbai","2300","3000","2650"
"2024-07-09","Onion","Maharashtra","Mumbai","27","519","3108","Vashi New Mumbai","2400","3100","2750"
"2024-07-08","Onion","Maharashtra","Mumbai","27","519","3108","Vashi New Mumbai","2400","3000","2700"
"2024-07-06","Onion","Maharashtra","Mumbai","27","519","3108","Vashi New Mumbai","2400","3100","2750"
"2024-07-04","Onion","Maharashtra","Mumbai","27","519","3108","Vashi New Mumbai","2500","3100","2800"
"2024-07-03","Onion","Maharashtra","Mumbai","27","519","3108","Vashi New Mumbai","2400","3000","2700"
"2024-07-01","Onion","Maharashtra","Mumbai","27","519","3108","Vashi New Mumbai","2400","3200","2800"
"2024-06-29","Onion","Maharashtra","Mumbai","27","519","3108","Vashi New Mumbai","2400","3100","2750"
"2024-06-28","Onion","Maharashtra","Mumbai","27","519","3108","Vashi New Mumbai","2400","3100","2750"
"2024-06-27","Onion","Maharashtra","Mumbai","27","519","3108","Vashi New Mumbai","2500","3200","2850"
"2024-06-26","Onion","Maharashtra","Mumbai","27","519","3108","Vashi New Mumbai","2400","3100","2750"
"2024-06-24","Onion","Maharashtra","Mumbai","27","519","3108","Vashi New Mumbai","2300","3000","2650"
"2024-06-19","Onion","Maharashtra","Mumbai","27","519","3108","Vashi New Mumbai","2500","3300","2900"
"2024-06-18","Onion","Maharashtra","Mumbai","27","519","3108","Vashi New Mumbai","2300","3100","2700"
"2024-06-13","Onion","Maharashtra","Mumbai","27","519","3108","Vashi New Mumbai","2100","2900","2500"
"2024-06-11","Onion","Maharashtra","Mumbai","27","519","3108","Vashi New Mumbai","2300","3000","2650"
"2024-06-10","Onion","Maharashtra","Mumbai","27","519","3108","Vashi New Mumbai","2400","3200","2800"
"2024-06-07","Onion","Maharashtra","Mumbai","27","519","3108","Vashi New Mumbai","2000","2900","2450"
"2024-06-06","Onion","Maharashtra","Mumbai","27","519","3108","Vashi New Mumbai","1600","2600","2100"
"2024-06-05","Onion","Maharashtra","Mumbai","27","519","3108","Vashi New Mumbai","1600","2500","2050"
"2024-06-04","Onion","Maharashtra","Mumbai","27","519","3108","Vashi New Mumbai","1700","2600","2150"
"2024-06-03","Onion","Maharashtra","Mumbai","27","519","3108","Vashi New Mumbai","1700","2500","2100"
"2024-06-01","Onion","Maharashtra","Mumbai","27","519","3108","Vashi New Mumbai","1700","2500","2100"
"2024-05-31","Onion","Maharashtra","Mumbai","27","519","3108","Vashi New Mumbai","1600","2400","2000"
"2024-05-30","Onion","Maharashtra","Mumbai","27","519","3108","Vashi New Mumbai","1600","2400","2000"
"2024-05-29","Onion","Maharashtra","Mumbai","27","519","3108","Vashi New Mumbai","1500","2400","1950"
"2024-05-28","Onion","Maharashtra","Mumbai","27","519","3108","Vashi New Mumbai","1500","2300","1900"
"2024-05-27","Onion","Maharashtra","Mumbai","27","519","3108","Vashi New Mumbai","1500","2200","1850"
"2024-05-25","Onion","Maharashtra","Mumbai","27","519","3108","Vashi New Mumbai","1500","2100","1800"
"2024-05-24","Onion","Maharashtra","Mumbai","27","519","3108","Vashi New Mumbai","1400","2000","1700"
"2024-05-23","Onion","Maharashtra","Mumbai","27","519","3108","Vashi New Mumbai","1300","1900","1600"
"2024-05-22","Onion","Maharashtra","Mumbai","27","519","3108","Vashi New Mumbai","1500","2100","1800"
"2024-05-21","Onion","Maharashtra","Mumbai","27","519","3108","Vashi New Mumbai","1400","2000","1700"
"2024-05-17","Onion","Maharashtra","Mumbai","27","519","3108","Vashi New Mumbai","1400","2000","1700"
"2024-05-16","Onion","Maharashtra","Mumbai","27","519","3108","Vashi New Mumbai","1400","2000","1700"
"2024-05-15","Onion","Maharashtra","Mumbai","27","519","3108","Vashi New Mumbai","1300","1900","1600"
"2024-05-14","Onion","Maharashtra","Mumbai","27","519","3108","Vashi New Mumbai","1400","2000","1700"
"2024-05-13","Onion","Maharashtra","Mumbai","27","519","3108","Vashi New Mumbai","1300","1900","1600"
"2024-05-11","Onion","Maharashtra","Mumbai","27","519","3108","Vashi New Mumbai","1400","2000","1700"
"2024-05-10","Onion","Maharashtra","Mumbai","27","519","3108","Vashi New Mumbai","1400","2000","1700"
"2024-05-09","Onion","Maharashtra","Mumbai","27","519","3108","Vashi New Mumbai","1400","2000","1700"
"2024-05-08","Onion","Maharashtra","Mumbai","27","519","3108","Vashi New Mumbai","1500","2300","1900"
"2024-05-06","Onion","Maharashtra","Mumbai","27","519","3108","Vashi New Mumbai","1600","2400","2000"
"2024-05-04","Onion","Maharashtra","Mumbai","27","519","3108","Vashi New Mumbai","1400","2000","1700"
"2024-05-03","Onion","Maharashtra","Mumbai","27","519","3108","Vashi New Mumbai","1300","1900","1600"
"2024-05-02","Onion","Maharashtra","Mumbai","27","519","3108","Vashi New Mumbai","1100","1600","1350"
"2024-04-30","Onion","Maharashtra","Mumbai","27","519","3108","Vashi New Mumbai","1200","1700","1450"
"2024-04-29","Onion","Maharashtra","Mumbai","27","519","3108","Vashi New Mumbai","1100","1600","1350"
"2024-04-27","Onion","Maharashtra","Mumbai","27","519","3108","Vashi New Mumbai","1200","1700","1450"
"2024-04-26","Onion","Maharashtra","Mumbai","27","519","3108","Vashi New Mumbai","1200","1700","1450"
"2024-04-25","Onion","Maharashtra","Mumbai","27","519","3108","Vashi New Mumbai","1200","1700","1450"
"2024-04-24","Onion","Maharashtra","Mumbai","27","519","3108","Vashi New Mumbai","1100","1600","1350"
"2024-04-22","Onion","Maharashtra","Mumbai","27","519","3108","Vashi New Mumbai","1100","1600","1350"
"2024-04-19","Onion","Maharashtra","Mumbai","27","519","3108","Vashi New Mumbai","1100","1500","1300"
"2024-04-15","Onion","Maharashtra","Mumbai","27","519","3108","Vashi New Mumbai","1100","1600","1350"
"2024-04-08","Onion","Maharashtra","Mumbai","27","519","3108","Vashi New Mumbai","1200","1700","1450"
"2024-04-06","Onion","Maharashtra","Mumbai","27","519","3108","Vashi New Mumbai","1100","1600","1350"
"2024-04-05","Onion","Maharashtra","Mumbai","27","519","3108","Vashi New Mumbai","1100","1600","1350"
"2024-04-04","Onion","Maharashtra","Mumbai","27","519","3108","Vashi New Mumbai","1200","1700","1450"
"2024-04-03","Onion","Maharashtra","Mumbai","27","519","3108","Vashi New Mumbai","1200","1700","1450"
"2024-04-02","Onion","Maharashtra","Mumbai","27","519","3108","Vashi New Mumbai","1300","1800","1550"
"2024-04-01","Onion","Maharashtra","Mumbai","27","519","3108","Vashi New Mumbai","1300","1800","1550"
"2024-03-30","Onion","Maharashtra","Mumbai","27","519","3108","Vashi New Mumbai","1200","1700","1450"
"2024-03-28","Onion","Maharashtra","Mumbai","27","519","3108","Vashi New Mumbai","1200","1700","1450"
"2024-03-27","Onion","Maharashtra","Mumbai","27","519","3108","Vashi New Mumbai","1200","1700","1450"
"2024-03-26","Onion","Maharashtra","Mumbai","27","519","3108","Vashi New Mumbai","1100","1600","1350"
"2024-03-22","Onion","Maharashtra","Mumbai","27","519","3108","Vashi New Mumbai","1100","1600","1350"
"2024-03-21","Onion","Maharashtra","Mumbai","27","519","3108","Vashi New Mumbai","1000","1500","1250"
"2024-03-20","Onion","Maharashtra","Mumbai","27","519","3108","Vashi New Mumbai","1000","1500","1250"
"2024-03-19","Onion","Maharashtra","Mumbai","27","519","3108","Vashi New Mumbai","1100","1600","1350"
"2024-03-18","Onion","Maharashtra","Mumbai","27","519","3108","Vashi New Mumbai","1000","1500","1250"
"2024-03-16","Onion","Maharashtra","Mumbai","27","519","3108","Vashi New Mumbai","1100","1600","1350"
"2024-03-15","Onion","Maharashtra","Mumbai","27","519","3108","Vashi New Mumbai","1100","1600","1350"
"2024-03-14","Onion","Maharashtra","Mumbai","27","519","3108","Vashi New Mumbai","1200","1800","1500"
"2024-03-13","Onion","Maharashtra","Mumbai","27","519","3108","Vashi New Mumbai","1200","1700","1450"
"2024-03-12","Onion","Maharashtra","Mumbai","27","519","3108","Vashi New Mumbai","1200","1800","1500"
"2024-03-11","Onion","Maharashtra","Mumbai","27","519","3108","Vashi New Mumbai","1300","1800","1550"
"2024-03-09","Onion","Maharashtra","Mumbai","27","519","3108","Vashi New Mumbai","1300","1800","1550"
"2024-03-07","Onion","Maharashtra","Mumbai","27","519","3108","Vashi New Mumbai","1400","2000","1700"
"2024-03-06","Onion","Maharashtra","Mumbai","27","519","3108","Vashi New Mumbai","1100","1700","1400"
"2024-03-05","Onion","Maharashtra","Mumbai","27","519","3108","Vashi New Mumbai","1300","1900","1600"
"2024-03-04","Onion","Maharashtra","Mumbai","27","519","3108","Vashi New Mumbai","1200","1900","1550"
"2024-03-02","Onion","Maharashtra","Mumbai","27","519","3108","Vashi New Mumbai","1200","1700","1450"
"2024-03-01","Onion","Maharashtra","Mumbai","27","519","3108","Vashi New Mumbai","1300","1800","1550"
"2024-02-29","Onion","Maharashtra","Mumbai","27","519","3108","Vashi New Mumbai","1400","1900","1650"
"2024-02-28","Onion","Maharashtra","Mumbai","27","519","3108","Vashi New Mumbai","1600","2200","1900"
"2024-02-27","Onion","Maharashtra","Mumbai","27","519","3108","Vashi New Mumbai","1700","2300","2000"
"2024-02-26","Onion","Maharashtra","Mumbai","27","519","3108","Vashi New Mumbai","1600","2300","1950"
"2024-02-24","Onion","Maharashtra","Mumbai","27","519","3108","Vashi New Mumbai","1500","2100","1800"
"2024-02-23","Onion","Maharashtra","Mumbai","27","519","3108","Vashi New Mumbai","1400","2000","1700"
"2024-02-22","Onion","Maharashtra","Mumbai","27","519","3108","Vashi New Mumbai","1400","1900","1650"
"2024-02-21","Onion","Maharashtra","Mumbai","27","519","3108","Vashi New Mumbai","1500","2000","1750"
"2024-02-20","Onion","Maharashtra","Mumbai","27","519","3108","Vashi New Mumbai","1500","2200","1850"
"2024-02-16","Onion","Maharashtra","Mumbai","27","519","3108","Vashi New Mumbai","1000","1600","1300"
"2024-02-15","Onion","Maharashtra","Mumbai","27","519","3108","Vashi New Mumbai","1000","1700","1350"
"2024-02-14","Onion","Maharashtra","Mumbai","27","519","3108","Vashi New Mumbai","900","1600","1250"
"2024-02-13","Onion","Maharashtra","Mumbai","27","519","3108","Vashi New Mumbai","900","1700","1300"
"2024-02-12","Onion","Maharashtra","Mumbai","27","519","3108","Vashi New Mumbai","900","1600","1250"
"2024-02-10","Onion","Maharashtra","Mumbai","27","519","3108","Vashi New Mumbai","1000","1700","1350"
"2024-02-09","Onion","Maharashtra","Mumbai","27","519","3108","Vashi New Mumbai","1000","1700","1350"
"2024-02-08","Onion","Maharashtra","Mumbai","27","519","3108","Vashi New Mumbai","1100","1700","1400"
"2024-02-07","Onion","Maharashtra","Mumbai","27","519","3108","Vashi New Mumbai","1000","1600","1300"
"2024-02-06","Onion","Maharashtra","Mumbai","27","519","3108","Vashi New Mumbai","1100","1800","1450"
"2024-02-05","Onion","Maharashtra","Mumbai","27","519","3108","Vashi New Mumbai","1000","1700","1350"
"2024-02-03","Onion","Maharashtra","Mumbai","27","519","3108","Vashi New Mumbai","1000","1700","1350"
"2024-02-02","Onion","Maharashtra","Mumbai","27","519","3108","Vashi New Mumbai","1000","1700","1350"
"2024-02-01","Onion","Maharashtra","Mumbai","27","519","3108","Vashi New Mumbai","900","1500","1200"
"2024-01-31","Onion","Maharashtra","Mumbai","27","519","3108","Vashi New Mumbai","900","1400","1150"
"2024-01-30","Onion","Maharashtra","Mumbai","27","519","3108","Vashi New Mumbai","900","1500","1200"
"2024-01-29","Onion","Maharashtra","Mumbai","27","519","3108","Vashi New Mumbai","900","1400","1150"
"2024-01-27","Onion","Maharashtra","Mumbai","27","519","3108","Vashi New Mumbai","1300","1800","1550"
"2024-01-24","Onion","Maharashtra","Mumbai","27","519","3108","Vashi New Mumbai","1500","2000","1750"
"2024-01-23","Onion","Maharashtra","Mumbai","27","519","3108","Vashi New Mumbai","1500","2000","1750"
"2024-01-22","Onion","Maharashtra","Mumbai","27","519","3108","Vashi New Mumbai","1500","2100","1800"
"2024-01-19","Onion","Maharashtra","Mumbai","27","519","3108","Vashi New Mumbai","1400","2100","1750"
"2024-01-18","Onion","Maharashtra","Mumbai","27","519","3108","Vashi New Mumbai","1500","2200","1850"
"2024-01-17","Onion","Maharashtra","Mumbai","27","519","3108","Vashi New Mumbai","1500","2200","1850"
"2024-01-16","Onion","Maharashtra","Mumbai","27","519","3108","Vashi New Mumbai","1500","2300","1900"
"2024-01-15","Onion","Maharashtra","Mumbai","27","519","3108","Vashi New Mumbai","1400","2200","1800"
"2024-01-13","Onion","Maharashtra","Mumbai","27","519","3108","Vashi New Mumbai","1400","2200","1800"
"2024-01-12","Onion","Maharashtra","Mumbai","27","519","3108","Vashi New Mumbai","1400","2200","1800"
"2024-01-11","Onion","Maharashtra","Mumbai","27","519","3108","Vashi New Mumbai","1500","2300","1900"
"2024-01-10","Onion","Maharashtra","Mumbai","27","519","3108","Vashi New Mumbai","1600","2400","2000"
"2024-01-09","Onion","Maharashtra","Mumbai","27","519","3108","Vashi New Mumbai","1500","2200","1850"
"2024-01-08","Onion","Maharashtra","Mumbai","27","519","3108","Vashi New Mumbai","1500","2300","1900"
"2024-01-06","Onion","Maharashtra","Mumbai","27","519","3108","Vashi New Mumbai","1400","2200","1800"
"2024-01-05","Onion","Maharashtra","Mumbai","27","519","3108","Vashi New Mumbai","1500","2300","1900"
"2024-01-04","Onion","Maharashtra","Mumbai","27","519","3108","Vashi New Mumbai","1600","2600","2100"
"2024-01-03","Onion","Maharashtra","Mumbai","27","519","3108","Vashi New Mumbai","1600","2700","2150"
"2024-01-02","Onion","Maharashtra","Mumbai","27","519","3108","Vashi New Mumbai","1800","2800","2300"
"2024-01-01","Onion","Maharashtra","Mumbai","27","519","3108","Vashi New Mumbai","1500","2400","1950"
"2023-11-30","Onion","Maharashtra","Mumbai","27","519","3108","Vashi New Mumbai","2900","4500","3700"
"2023-11-29","Onion","Maharashtra","Mumbai","27","519","3108","Vashi New Mumbai","2800","4600","3700"
"2023-11-28","Onion","Maharashtra","Mumbai","27","519","3108","Vashi New Mumbai","3000","4600","3800"
"2023-11-27","Onion","Maharashtra","Mumbai","27","519","3108","Vashi New Mumbai","2900","4000","3450"
"2023-11-24","Onion","Maharashtra","Mumbai","27","519","3108","Vashi New Mumbai","2800","4000","3400"
"2023-11-23","Onion","Maharashtra","Mumbai","27","519","3108","Vashi New Mumbai","2800","3800","3300"
"2023-11-22","Onion","Maharashtra","Mumbai","27","519","3108","Vashi New Mumbai","2800","3800","3300"
"2023-11-21","Onion","Maharashtra","Mumbai","27","519","3108","Vashi New Mumbai","2800","4200","3500"
"2023-11-20","Onion","Maharashtra","Mumbai","27","519","3108","Vashi New Mumbai","2700","4400","3550"
"2023-11-18","Onion","Maharashtra","Mumbai","27","519","3108","Vashi New Mumbai","2700","4500","3600"
"2023-11-17","Onion","Maharashtra","Mumbai","27","519","3108","Vashi New Mumbai","2500","4500","3500"
"2023-11-16","Onion","Maharashtra","Mumbai","27","519","3108","Vashi New Mumbai","2600","4500","3550"
"2023-11-15","Onion","Maharashtra","Mumbai","27","519","3108","Vashi New Mumbai","2800","4700","3750"
"2023-11-11","Onion","Maharashtra","Mumbai","27","519","3108","Vashi New Mumbai","2500","5000","3750"
"2023-11-10","Onion","Maharashtra","Mumbai","27","519","3108","Vashi New Mumbai","2500","4500","3500"
"2023-11-09","Onion","Maharashtra","Mumbai","27","519","3108","Vashi New Mumbai","2500","4500","3500"
"2023-11-08","Onion","Maharashtra","Mumbai","27","519","3108","Vashi New Mumbai","2700","4400","3550"
"2023-11-07","Onion","Maharashtra","Mumbai","27","519","3108","Vashi New Mumbai","2500","4000","3250"
"2023-11-06","Onion","Maharashtra","Mumbai","27","519","3108","Vashi New Mumbai","2600","4100","3350"
"2023-11-03","Onion","Maharashtra","Mumbai","27","519","3108","Vashi New Mumbai","2800","4600","3700"
"2023-11-02","Onion","Maharashtra","Mumbai","27","519","3108","Vashi New Mumbai","2800","4800","3800"
"2023-11-01","Onion","Maharashtra","Mumbai","27","519","3108","Vashi New Mumbai","2800","5200","4000"
"2023-10-31","Onion","Maharashtra","Mumbai","27","519","3108","Vashi New Mumbai","3000","5400","4200"
"2023-10-30","Onion","Maharashtra","Mumbai","27","519","3108","Vashi New Mumbai","3000","5200","4100"
"2023-10-28","Onion","Maharashtra","Mumbai","27","519","3108","Vashi New Mumbai","3200","5500","4350"
"2023-10-26","Onion","Maharashtra","Mumbai","27","519","3108","Vashi New Mumbai","2600","5000","3800"
"2023-10-25","Onion","Maharashtra","Mumbai","27","519","3108","Vashi New Mumbai","2400","4500","3450"
"2023-10-24","Onion","Maharashtra","Mumbai","27","519","3108","Vashi New Mumbai","1900","4200","3050"
"2023-10-23","Onion","Maharashtra","Mumbai","27","519","3108","Vashi New Mumbai","1700","3800","2750"
"2023-10-21","Onion","Maharashtra","Mumbai","27","519","3108","Vashi New Mumbai","1600","3700","2650"
"2023-10-20","Onion","Maharashtra","Mumbai","27","519","3108","Vashi New Mumbai","1500","3600","2550"
"2023-10-19","Onion","Maharashtra","Mumbai","27","519","3108","Vashi New Mumbai","1600","3600","2600"
"2023-10-18","Onion","Maharashtra","Mumbai","27","519","3108","Vashi New Mumbai","1600","3500","2550"
"2023-10-17","Onion","Maharashtra","Mumbai","27","519","3108","Vashi New Mumbai","1500","3100","2300"
"2023-10-16","Onion","Maharashtra","Mumbai","27","519","3108","Vashi New Mumbai","1400","2800","2100"
"2023-10-14","Onion","Maharashtra","Mumbai","27","519","3108","Vashi New Mumbai","1200","2800","2000"
"2023-10-13","Onion","Maharashtra","Mumbai","27","519","3108","Vashi New Mumbai","1100","2700","1900"
"2023-10-12","Onion","Maharashtra","Mumbai","27","519","3108","Vashi New Mumbai","1100","2700","1900"
"2023-10-11","Onion","Maharashtra","Mumbai","27","519","3108","Vashi New Mumbai","1000","2600","1800"
"2023-10-10","Onion","Maharashtra","Mumbai","27","519","3108","Vashi New Mumbai","1100","2600","1850"
"2023-10-09","Onion","Maharashtra","Mumbai","27","519","3108","Vashi New Mumbai","1000","2500","1750"
"2023-10-07","Onion","Maharashtra","Mumbai","27","519","3108","Vashi New Mumbai","1000","2500","1750"
"2023-10-06","Onion","Maharashtra","Mumbai","27","519","3108","Vashi New Mumbai","1000","2500","1750"
"2023-10-05","Onion","Maharashtra","Mumbai","27","519","3108","Vashi New Mumbai","1000","2400","1700"
"2023-10-04","Onion","Maharashtra","Mumbai","27","519","3108","Vashi New Mumbai","1000","2400","1700"
"2023-10-03","Onion","Maharashtra","Mumbai","27","519","3108","Vashi New Mumbai","1000","2400","1700"
"2023-10-02","Onion","Maharashtra","Mumbai","27","519","3108","Vashi New Mumbai","1000","2500","1750"
"2023-09-27","Onion","Maharashtra","Mumbai","27","519","3108","Vashi New Mumbai","1000","2500","1750"
"2023-09-26","Onion","Maharashtra","Mumbai","27","519","3108","Vashi New Mumbai","1000","2500","1750"
"2023-09-23","Onion","Maharashtra","Mumbai","27","519","3108","Vashi New Mumbai","1000","25000","1750"
"2023-09-22","Onion","Maharashtra","Mumbai","27","519","3108","Vashi New Mumbai","1000","2400","1700"
"2023-09-21","Onion","Maharashtra","Mumbai","27","519","3108","Vashi New Mumbai","1000","2400","1700"
"2023-09-20","Onion","Maharashtra","Mumbai","27","519","3108","Vashi New Mumbai","900","2400","1650"
"2023-09-19","Onion","Maharashtra","Mumbai","27","519","3108","Vashi New Mumbai","800","2300","1550"
"2023-09-18","Onion","Maharashtra","Mumbai","27","519","3108","Vashi New Mumbai","800","2400","1600"
"2023-09-16","Onion","Maharashtra","Mumbai","27","519","3108","Vashi New Mumbai","800","2300","1550"
"2023-09-15","Onion","Maharashtra","Mumbai","27","519","3108","Vashi New Mumbai","900","2400","1650"
"2023-09-14","Onion","Maharashtra","Mumbai","27","519","3108","Vashi New Mumbai","1000","2300","1650"
"2023-09-13","Onion","Maharashtra","Mumbai","27","519","3108","Vashi New Mumbai","900","2200","1550"
"2023-09-12","Onion","Maharashtra","Mumbai","27","519","3108","Vashi New Mumbai","1000","2300","1650"
"2023-09-11","Onion","Maharashtra","Mumbai","27","519","3108","Vashi New Mumbai","1000","2400","1700"
"2023-09-09","Onion","Maharashtra","Mumbai","27","519","3108","Vashi New Mumbai","1000","2300","1650"
"2023-09-08","Onion","Maharashtra","Mumbai","27","519","3108","Vashi New Mumbai","900","2500","1700"
"2023-09-06","Onion","Maharashtra","Mumbai","27","519","3108","Vashi New Mumbai","1000","2400","1700"
"2023-09-05","Onion","Maharashtra","Mumbai","27","519","3108","Vashi New Mumbai","1000","2500","1750"
"2023-09-04","Onion","Maharashtra","Mumbai","27","519","3108","Vashi New Mumbai","1000","2500","1750"
"2023-09-02","Onion","Maharashtra","Mumbai","27","519","3108","Vashi New Mumbai","1100","2500","1800"
"2023-09-01","Onion","Maharashtra","Mumbai","27","519","3108","Vashi New Mumbai","1000","2300","1650"
"2023-08-31","Onion","Maharashtra","Mumbai","27","519","3108","Vashi New Mumbai","900","2200","1550"
"2023-08-30","Onion","Maharashtra","Mumbai","27","519","3108","Vashi New Mumbai","900","2200","1550"
"2023-08-29","Onion","Maharashtra","Mumbai","27","519","3108","Vashi New Mumbai","1000","2300","1650"
"2023-08-28","Onion","Maharashtra","Mumbai","27","519","3108","Vashi New Mumbai","900","2300","1600"
"2023-08-25","Onion","Maharashtra","Mumbai","27","519","3108","Vashi New Mumbai","1000","2500","1750"
"2023-08-24","Onion","Maharashtra","Mumbai","27","519","3108","Vashi New Mumbai","1000","2500","1750"
"2023-08-23","Onion","Maharashtra","Mumbai","27","519","3108","Vashi New Mumbai","1000","2400","1700"
"2023-08-22","Onion","Maharashtra","Mumbai","27","519","3108","Vashi New Mumbai","900","2400","1650"
"2023-08-21","Onion","Maharashtra","Mumbai","27","519","3108","Vashi New Mumbai","800","2200","1500"
"2023-08-19","Onion","Maharashtra","Mumbai","27","519","3108","Vashi New Mumbai","900","2300","1600"
"2023-08-18","Onion","Maharashtra","Mumbai","27","519","3108","Vashi New Mumbai","900","2300","1600"
"2023-08-17","Onion","Maharashtra","Mumbai","27","519","3108","Vashi New Mumbai","900","2400","1650"
"2023-08-16","Onion","Maharashtra","Mumbai","27","519","3108","Vashi New Mumbai","1000","2400","1700"
"2023-08-14","Onion","Maharashtra","Mumbai","27","519","3108","Vashi New Mumbai","1000","2500","1750"
"2023-08-12","Onion","Maharashtra","Mumbai","27","519","3108","Vashi New Mumbai","1000","2400","1700"
"2023-08-11","Onion","Maharashtra","Mumbai","27","519","3108","Vashi New Mumbai","1000","2100","1550"
"2023-08-10","Onion","Maharashtra","Mumbai","27","519","3108","Vashi New Mumbai","800","1800","1300"
"2023-08-09","Onion","Maharashtra","Mumbai","27","519","3108","Vashi New Mumbai","800","1900","1350"
"2023-08-08","Onion","Maharashtra","Mumbai","27","519","3108","Vashi New Mumbai","800","2000","1400"
"2023-08-07","Onion","Maharashtra","Mumbai","27","519","3108","Vashi New Mumbai","1300","2000","1650"
"2023-08-05","Onion","Maharashtra","Mumbai","27","519","3108","Vashi New Mumbai","1100","1800","1450"
"2023-08-04","Onion","Maharashtra","Mumbai","27","519","3108","Vashi New Mumbai","1000","1700","1350"
"2023-08-03","Onion","Maharashtra","Mumbai","27","519","3108","Vashi New Mumbai","1100","1800","1450"
"2023-08-02","Onion","Maharashtra","Mumbai","27","519","3108","Vashi New Mumbai","1000","1700","1350"
"2023-08-01","Onion","Maharashtra","Mumbai","27","519","3108","Vashi New Mumbai","1100","1700","1400"
"2023-07-31","Onion","Maharashtra","Mumbai","27","519","3108","Vashi New Mumbai","1000","1700","1350"
"2023-07-29","Onion","Maharashtra","Mumbai","27","519","3108","Vashi New Mumbai","1000","1700","1350"
"2023-07-28","Onion","Maharashtra","Mumbai","27","519","3108","Vashi New Mumbai","1000","1700","1350"
"2023-07-27","Onion","Maharashtra","Mumbai","27","519","3108","Vashi New Mumbai","1000","1700","1350"
"2023-07-26","Onion","Maharashtra","Mumbai","27","519","3108","Vashi New Mumbai","1000","1700","1350"
"2023-07-25","Onion","Maharashtra","Mumbai","27","519","3108","Vashi New Mumbai","1100","1800","1450"
"2023-07-24","Onion","Maharashtra","Mumbai","27","519","3108","Vashi New Mumbai","1000","1700","1350"
"2023-07-22","Onion","Maharashtra","Mumbai","27","519","3108","Vashi New Mumbai","1000","1800","1400"
"2023-07-21","Onion","Maharashtra","Mumbai","27","519","3108","Vashi New Mumbai","1000","1800","1400"
"2023-07-20","Onion","Maharashtra","Mumbai","27","519","3108","Vashi New Mumbai","1000","1700","1350"
"2023-07-19","Onion","Maharashtra","Mumbai","27","519","3108","Vashi New Mumbai","1100","1800","1450"
"2023-07-18","Onion","Maharashtra","Mumbai","27","519","3108","Vashi New Mumbai","1200","1900","1550"
"2023-07-17","Onion","Maharashtra","Mumbai","27","519","3108","Vashi New Mumbai","1000","1700","1350"
"2023-07-15","Onion","Maharashtra","Mumbai","27","519","3108","Vashi New Mumbai","900","1600","1250"
"2023-07-14","Onion","Maharashtra","Mumbai","27","519","3108","Vashi New Mumbai","900","1600","1250"
"2023-07-13","Onion","Maharashtra","Mumbai","27","519","3108","Vashi New Mumbai","900","1600","1250"
"2023-07-12","Onion","Maharashtra","Mumbai","27","519","3108","Vashi New Mumbai","900","1700","1300"
"2023-07-11","Onion","Maharashtra","Mumbai","27","519","3108","Vashi New Mumbai","1000","1700","1350"
"2023-07-10","Onion","Maharashtra","Mumbai","27","519","3108","Vashi New Mumbai","1000","1700","1350"
"2023-07-08","Onion","Maharashtra","Mumbai","27","519","3108","Vashi New Mumbai","1100","1800","1450"
"2023-07-07","Onion","Maharashtra","Mumbai","27","519","3108","Vashi New Mumbai","1100","1700","1400"
"2023-07-06","Onion","Maharashtra","Mumbai","27","519","3108","Vashi New Mumbai","1100","1700","1400"
"2023-07-05","Onion","Maharashtra","Mumbai","27","519","3108","Vashi New Mumbai","1000","1700","1350"
"2023-07-04","Onion","Maharashtra","Mumbai","27","519","3108","Vashi New Mumbai","1000","1800","1400"
"2023-07-03","Onion","Maharashtra","Mumbai","27","519","3108","Vashi New Mumbai","1000","1800","1400"
"2023-07-01","Onion","Maharashtra","Mumbai","27","519","3108","Vashi New Mumbai","900","1700","1300"
"2023-06-30","Onion","Maharashtra","Mumbai","27","519","3108","Vashi New Mumbai","900","1700","1300"
"2023-06-29","Onion","Maharashtra","Mumbai","27","519","3108","Vashi New Mumbai","900","1700","1300"
"2023-06-28","Onion","Maharashtra","Mumbai","27","519","3108","Vashi New Mumbai","900","1700","1300"
"2023-06-27","Onion","Maharashtra","Mumbai","27","519","3108","Vashi New Mumbai","700","1500","1100"
"2023-06-26","Onion","Maharashtra","Mumbai","27","519","3108","Vashi New Mumbai","800","1500","1150"
"2023-06-24","Onion","Maharashtra","Mumbai","27","519","3108","Vashi New Mumbai","700","1400","1050"
"2023-06-23","Onion","Maharashtra","Mumbai","27","519","3108","Vashi New Mumbai","700","1400","1050"
"2023-06-22","Onion","Maharashtra","Mumbai","27","519","3108","Vashi New Mumbai","700","1500","1100"
"2023-06-21","Onion","Maharashtra","Mumbai","27","519","3108","Vashi New Mumbai","700","1500","1100"
"2023-06-20","Onion","Maharashtra","Mumbai","27","519","3108","Vashi New Mumbai","800","1600","1200"
"2023-06-19","Onion","Maharashtra","Mumbai","27","519","3108","Vashi New Mumbai","700","1500","1100"
"2023-06-17","Onion","Maharashtra","Mumbai","27","519","3108","Vashi New Mumbai","700","1400","1050"
"2023-06-16","Onion","Maharashtra","Mumbai","27","519","3108","Vashi New Mumbai","700","1400","1050"
"2023-06-15","Onion","Maharashtra","Mumbai","27","519","3108","Vashi New Mumbai","700","1400","1050"
"2023-06-14","Onion","Maharashtra","Mumbai","27","519","3108","Vashi New Mumbai","700","1400","1050"
"2023-06-13","Onion","Maharashtra","Mumbai","27","519","3108","Vashi New Mumbai","500","1300","900"
"2023-06-12","Onion","Maharashtra","Mumbai","27","519","3108","Vashi New Mumbai","500","1300","900"
"2023-06-10","Onion","Maharashtra","Mumbai","27","519","3108","Vashi New Mumbai","600","1400","1000"
"2023-06-09","Onion","Maharashtra","Mumbai","27","519","3108","Vashi New Mumbai","700","1500","1100"
"2023-06-08","Onion","Maharashtra","Mumbai","27","519","3108","Vashi New Mumbai","900","1500","1200"
"2023-06-07","Onion","Maharashtra","Mumbai","27","519","3108","Vashi New Mumbai","800","1500","1150"
"2023-06-06","Onion","Maharashtra","Mumbai","27","519","3108","Vashi New Mumbai","600","1400","1000"
"2023-06-05","Onion","Maharashtra","Mumbai","27","519","3108","Vashi New Mumbai","500","1400","950"
"2023-06-03","Onion","Maharashtra","Mumbai","27","519","3108","Vashi New Mumbai","700","1400","1050"
"2023-06-02","Onion","Maharashtra","Mumbai","27","519","3108","Vashi New Mumbai","500","1300","900"
"2023-06-01","Onion","Maharashtra","Mumbai","27","519","3108","Vashi New Mumbai","500","1300","900"
"2023-05-31","Onion","Maharashtra","Mumbai","27","519","3108","Vashi New Mumbai","400","1200","800"
"2023-05-30","Onion","Maharashtra","Mumbai","27","519","3108","Vashi New Mumbai","500","1200","850"
"2023-05-29","Onion","Maharashtra","Mumbai","27","519","3108","Vashi New Mumbai","400","1100","750"
"2023-05-27","Onion","Maharashtra","Mumbai","27","519","3108","Vashi New Mumbai","400","1100","750"
"2023-05-26","Onion","Maharashtra","Mumbai","27","519","3108","Vashi New Mumbai","400","1100","750"
"2023-05-25","Onion","Maharashtra","Mumbai","27","519","3108","Vashi New Mumbai","500","1100","800"
"2023-05-24","Onion","Maharashtra","Mumbai","27","519","3108","Vashi New Mumbai","500","1000","750"
"2023-05-23","Onion","Maharashtra","Mumbai","27","519","3108","Vashi New Mumbai","600","1100","850"
"2023-05-22","Onion","Maharashtra","Mumbai","27","519","3108","Vashi New Mumbai","600","1100","850"
"2023-05-20","Onion","Maharashtra","Mumbai","27","519","3108","Vashi New Mumbai","600","1200","900"
"2023-05-19","Onion","Maharashtra","Mumbai","27","519","3108","Vashi New Mumbai","500","1100","800"
"2023-05-18","Onion","Maharashtra","Mumbai","27","519","3108","Vashi New Mumbai","400","1100","750"
"2023-05-17","Onion","Maharashtra","Mumbai","27","519","3108","Vashi New Mumbai","400","1100","750"
"2023-05-16","Onion","Maharashtra","Mumbai","27","519","3108","Vashi New Mumbai","500","1100","800"
"2023-05-15","Onion","Maharashtra","Mumbai","27","519","3108","Vashi New Mumbai","500","1000","750"
"2023-05-13","Onion","Maharashtra","Mumbai","27","519","3108","Vashi New Mumbai","500","1000","750"
"2023-05-12","Onion","Maharashtra","Mumbai","27","519","3108","Vashi New Mumbai","500","1000","750"
"2023-05-11","Onion","Maharashtra","Mumbai","27","519","3108","Vashi New Mumbai","500","1000","750"
"2023-05-10","Onion","Maharashtra","Mumbai","27","519","3108","Vashi New Mumbai","500","1400","750"
"2023-05-09","Onion","Maharashtra","Mumbai","27","519","3108","Vashi New Mumbai","500","1100","800"
"2023-05-08","Onion","Maharashtra","Mumbai","27","519","3108","Vashi New Mumbai","500","1100","800"
"2023-05-06","Onion","Maharashtra","Mumbai","27","519","3108","Vashi New Mumbai","500","1000","750"
"2023-05-04","Onion","Maharashtra","Mumbai","27","519","3108","Vashi New Mumbai","500","1100","800"
"2023-05-03","Onion","Maharashtra","Mumbai","27","519","3108","Vashi New Mumbai","500","1100","800"
"2023-05-02","Onion","Maharashtra","Mumbai","27","519","3108","Vashi New Mumbai","500","1000","750"
"2023-04-28","Onion","Maharashtra","Mumbai","27","519","3108","Vashi New Mumbai","500","1000","750"
"2023-04-27","Onion","Maharashtra","Mumbai","27","519","3108","Vashi New Mumbai","500","1000","750"
"2023-04-26","Onion","Maharashtra","Mumbai","27","519","3108","Vashi New Mumbai","600","1000","800"
"2023-04-25","Onion","Maharashtra","Mumbai","27","519","3108","Vashi New Mumbai","500","1100","800"
"2023-04-24","Onion","Maharashtra","Mumbai","27","519","3108","Vashi New Mumbai","500","1000","750"
"2023-04-21","Onion","Maharashtra","Mumbai","27","519","3108","Vashi New Mumbai","600","1100","850"
"2023-04-20","Onion","Maharashtra","Mumbai","27","519","3108","Vashi New Mumbai","600","1100","850"
"2023-04-19","Onion","Maharashtra","Mumbai","27","519","3108","Vashi New Mumbai","600","1000","800"
"2023-04-18","Onion","Maharashtra","Mumbai","27","519","3108","Vashi New Mumbai","600","1100","850"
"2023-04-17","Onion","Maharashtra","Mumbai","27","519","3108","Vashi New Mumbai","600","1100","850"
"2023-04-15","Onion","Maharashtra","Mumbai","27","519","3108","Vashi New Mumbai","600","1000","800"
"2023-04-13","Onion","Maharashtra","Mumbai","27","519","3108","Vashi New Mumbai","600","1000","800"
"2023-04-12","Onion","Maharashtra","Mumbai","27","519","3108","Vashi New Mumbai","600","1000","800"
"2023-04-11","Onion","Maharashtra","Mumbai","27","519","3108","Vashi New Mumbai","600","1100","850"
"2023-04-10","Onion","Maharashtra","Mumbai","27","519","3108","Vashi New Mumbai","500","1100","800"
"2023-04-08","Onion","Maharashtra","Mumbai","27","519","3108","Vashi New Mumbai","500","1100","800"
"2023-04-06","Onion","Maharashtra","Mumbai","27","519","3108","Vashi New Mumbai","700","1100","900"
"2023-04-05","Onion","Maharashtra","Mumbai","27","519","3108","Vashi New Mumbai","700","1100","900"
"2023-04-04","Onion","Maharashtra","Mumbai","27","519","3108","Vashi New Mumbai","700","1100","900"
"2023-04-03","Onion","Maharashtra","Mumbai","27","519","3108","Vashi New Mumbai","700","1200","950"
"2023-04-01","Onion","Maharashtra","Mumbai","27","519","3108","Vashi New Mumbai","600","1200","900"
"2023-03-31","Onion","Maharashtra","Mumbai","27","519","3108","Vashi New Mumbai","600","1200","900"
"2023-03-30","Onion","Maharashtra","Mumbai","27","519","3108","Vashi New Mumbai","600","1200","900"
"2023-03-29","Onion","Maharashtra","Mumbai","27","519","3108","Vashi New Mumbai","700","1200","950"
"2023-03-28","Onion","Maharashtra","Mumbai","27","519","3108","Vashi New Mumbai","800","1300","1050"
"2023-03-27","Onion","Maharashtra","Mumbai","27","519","3108","Vashi New Mumbai","700","1300","1000"
"2023-03-25","Onion","Maharashtra","Mumbai","27","519","3108","Vashi New Mumbai","700","1400","1050"
"2023-03-24","Onion","Maharashtra","Mumbai","27","519","3108","Vashi New Mumbai","700","1300","1000"
"2023-03-22","Onion","Maharashtra","Mumbai","27","519","3108","Vashi New Mumbai","800","1400","1100"
"2023-03-21","Onion","Maharashtra","Mumbai","27","519","3108","Vashi New Mumbai","800","1400","1100"
"2023-03-20","Onion","Maharashtra","Mumbai","27","519","3108","Vashi New Mumbai","700","1300","1000"
"2023-03-18","Onion","Maharashtra","Mumbai","27","519","3108","Vashi New Mumbai","800","1200","1000"
"2023-03-17","Onion","Maharashtra","Mumbai","27","519","3108","Vashi New Mumbai","800","1300","1050"
"2023-03-16","Onion","Maharashtra","Mumbai","27","519","3108","Vashi New Mumbai","800","1300","1050"
"2023-03-15","Onion","Maharashtra","Mumbai","27","519","3108","Vashi New Mumbai","800","1300","1050"
"2023-03-14","Onion","Maharashtra","Mumbai","27","519","3108","Vashi New Mumbai","800","1300","1050"
"2023-03-13","Onion","Maharashtra","Mumbai","27","519","3108","Vashi New Mumbai","700","1300","1000"
"2023-03-11","Onion","Maharashtra","Mumbai","27","519","3108","Vashi New Mumbai","800","1400","1100"
"2023-03-10","Onion","Maharashtra","Mumbai","27","519","3108","Vashi New Mumbai","700","1300","1000"
"2023-03-09","Onion","Maharashtra","Mumbai","27","519","3108","Vashi New Mumbai","700","1400","1050"
"2023-03-08","Onion","Maharashtra","Mumbai","27","519","3108","Vashi New Mumbai","600","1300","950"
"2023-03-06","Onion","Maharashtra","Mumbai","27","519","3108","Vashi New Mumbai","700","1300","1000"
"2023-03-04","Onion","Maharashtra","Mumbai","27","519","3108","Vashi New Mumbai","700","1300","1000"
"2023-03-03","Onion","Maharashtra","Mumbai","27","519","3108","Vashi New Mumbai","700","1300","1000"
"2023-03-02","Onion","Maharashtra","Mumbai","27","519","3108","Vashi New Mumbai","700","1300","1000"
"2023-03-01","Onion","Maharashtra","Mumbai","27","519","3108","Vashi New Mumbai","600","1200","900"
"2023-02-28","Onion","Maharashtra","Mumbai","27","519","3108","Vashi New Mumbai","600","1200","900"
"2023-02-27","Onion","Maharashtra","Mumbai","27","519","3108","Vashi New Mumbai","600","1200","900"
"2023-02-25","Onion","Maharashtra","Mumbai","27","519","3108","Vashi New Mumbai","600","1200","900"
"2023-02-24","Onion","Maharashtra","Mumbai","27","519","3108","Vashi New Mumbai","600","1300","950"
"2023-02-23","Onion","Maharashtra","Mumbai","27","519","3108","Vashi New Mumbai","600","1200","900"
"2023-02-22","Onion","Maharashtra","Mumbai","27","519","3108","Vashi New Mumbai","700","13000","1000"
"2023-02-21","Onion","Maharashtra","Mumbai","27","519","3108","Vashi New Mumbai","700","1300","1000"
"2023-02-20","Onion","Maharashtra","Mumbai","27","519","3108","Vashi New Mumbai","600","1300","950"
"2023-02-17","Onion","Maharashtra","Mumbai","27","519","3108","Vashi New Mumbai","700","1200","950"
"2023-02-16","Onion","Maharashtra","Mumbai","27","519","3108","Vashi New Mumbai","700","1300","1000"
"2023-02-15","Onion","Maharashtra","Mumbai","27","519","3108","Vashi New Mumbai","800","1300","1050"
"2023-02-14","Onion","Maharashtra","Mumbai","27","519","3108","Vashi New Mumbai","900","1400","1150"
"2023-02-13","Onion","Maharashtra","Mumbai","27","519","3108","Vashi New Mumbai","900","1300","1100"
"2023-02-11","Onion","Maharashtra","Mumbai","27","519","3108","Vashi New Mumbai","900","1300","1100"
"2023-02-10","Onion","Maharashtra","Mumbai","27","519","3108","Vashi New Mumbai","900","1300","1100"
"2023-02-09","Onion","Maharashtra","Mumbai","27","519","3108","Vashi New Mumbai","900","1400","1150"
"2023-02-08","Onion","Maharashtra","Mumbai","27","519","3108","Vashi New Mumbai","900","1500","1200"
"2023-02-07","Onion","Maharashtra","Mumbai","27","519","3108","Vashi New Mumbai","800","1400","1100"
"2023-02-06","Onion","Maharashtra","Mumbai","27","519","3108","Vashi New Mumbai","900","1500","1200"
"2023-02-04","Onion","Maharashtra","Mumbai","27","519","3108","Vashi New Mumbai","900","1400","1150"
"2023-02-03","Onion","Maharashtra","Mumbai","27","519","3108","Vashi New Mumbai","900","1500","1200"
"2023-02-02","Onion","Maharashtra","Mumbai","27","519","3108","Vashi New Mumbai","1000","1600","1300"
"2023-01-31","Onion","Maharashtra","Mumbai","27","519","3108","Vashi New Mumbai","1100","1700","1400"
"2023-01-30","Onion","Maharashtra","Mumbai","27","519","3108","Vashi New Mumbai","1100","1700","1400"
"2023-01-28","Onion","Maharashtra","Mumbai","27","519","3108","Vashi New Mumbai","1100","1700","1400"
"2023-01-27","Onion","Maharashtra","Mumbai","27","519","3108","Vashi New Mumbai","1100","2000","1550"
"2023-01-25","Onion","Maharashtra","Mumbai","27","519","3108","Vashi New Mumbai","1200","2100","1650"
"2023-01-24","Onion","Maharashtra","Mumbai","27","519","3108","Vashi New Mumbai","1300","2100","1700"
"2023-01-23","Onion","Maharashtra","Mumbai","27","519","3108","Vashi New Mumbai","1200","2200","1700"
"2023-01-21","Onion","Maharashtra","Mumbai","27","519","3108","Vashi New Mumbai","1300","2000","1650"
"2023-01-20","Onion","Maharashtra","Mumbai","27","519","3108","Vashi New Mumbai","1300","2100","1700"
"2023-01-19","Onion","Maharashtra","Mumbai","27","519","3108","Vashi New Mumbai","1200","2000","1600"
"2023-01-17","Onion","Maharashtra","Mumbai","27","519","3108","Vashi New Mumbai","1300","2200","1750"
"2023-01-12","Onion","Maharashtra","Mumbai","27","519","3108","Vashi New Mumbai","1300","2100","1700"
"2023-01-11","Onion","Maharashtra","Mumbai","27","519","3108","Vashi New Mumbai","1400","2200","1800"
"2023-01-04","Onion","Maharashtra","Mumbai","27","519","3108","Vashi New Mumbai","1300","2200","1750"
"2023-01-03","Onion","Maharashtra","Mumbai","27","519","3108","Vashi New Mumbai","1400","2300","1850"
"2023-01-02","Onion","Maharashtra","Mumbai","27","519","3108","Vashi New Mumbai","1400","2400","1900"
"2022-12-31","Onion","Maharashtra","Mumbai","27","519","3108","Vashi New Mumbai","1200","2300","1750"
"2022-12-30","Onion","Maharashtra","Mumbai","27","519","3108","Vashi New Mumbai","1200","2300","1750"
"2022-12-29","Onion","Maharashtra","Mumbai","27","519","3108","Vashi New Mumbai","1300","2500","1900"
"2022-12-28","Onion","Maharashtra","Mumbai","27","519","3108","Vashi New Mumbai","1300","2500","1900"
"2022-12-26","Onion","Maharashtra","Mumbai","27","519","3108","Vashi New Mumbai","1300","2500","1900"
"2022-12-24","Onion","Maharashtra","Mumbai","27","519","3108","Vashi New Mumbai","1500","2500","2000"
"2022-12-23","Onion","Maharashtra","Mumbai","27","519","3108","Vashi New Mumbai","1400","2400","1900"
"2022-12-22","Onion","Maharashtra","Mumbai","27","519","3108","Vashi New Mumbai","1100","2100","1600"
"2022-12-21","Onion","Maharashtra","Mumbai","27","519","3108","Vashi New Mumbai","900","2000","1450"
"2022-12-20","Onion","Maharashtra","Mumbai","27","519","3108","Vashi New Mumbai","900","2000","1450"
"2022-12-19","Onion","Maharashtra","Mumbai","27","519","3108","Vashi New Mumbai","900","2000","1450"
"2022-12-17","Onion","Maharashtra","Mumbai","27","519","3108","Vashi New Mumbai","800","1900","1350"
"2022-12-16","Onion","Maharashtra","Mumbai","27","519","3108","Vashi New Mumbai","800","1700","1250"
"2022-12-15","Onion","Maharashtra","Mumbai","27","519","3108","Vashi New Mumbai","900","1700","1300"
"2022-12-14","Onion","Maharashtra","Mumbai","27","519","3108","Vashi New Mumbai","800","1700","1250"
"2022-12-13","Onion","Maharashtra","Mumbai","27","519","3108","Vashi New Mumbai","800","1800","1300"
"2022-12-12","Onion","Maharashtra","Mumbai","27","519","3108","Vashi New Mumbai","900","2000","1450"
"2022-12-10","Onion","Maharashtra","Mumbai","27","519","3108","Vashi New Mumbai","800","2000","1400"
"2022-12-09","Onion","Maharashtra","Mumbai","27","519","3108","Vashi New Mumbai","800","2000","1400"
"2022-12-08","Onion","Maharashtra","Mumbai","27","519","3108","Vashi New Mumbai","800","2100","1450"
"2022-12-06","Onion","Maharashtra","Mumbai","27","519","3108","Vashi New Mumbai","900","2100","1500"
"2022-12-05","Onion","Maharashtra","Mumbai","27","519","3108","Vashi New Mumbai","900","1800","1350"
"2022-12-03","Onion","Maharashtra","Mumbai","27","519","3108","Vashi New Mumbai","900","1800","1350"
"2022-12-02","Onion","Maharashtra","Mumbai","27","519","3108","Vashi New Mumbai","1000","2000","1500"
"2022-11-30","Onion","Maharashtra","Mumbai","27","519","3108","Vashi New Mumbai","1000","1900","1450"
"2022-11-24","Onion","Maharashtra","Mumbai","27","519","3108","Vashi New Mumbai","1100","2000","1550"
"2022-11-23","Onion","Maharashtra","Mumbai","27","519","3108","Vashi New Mumbai","1000","2000","1500"
"2022-11-22","Onion","Maharashtra","Mumbai","27","519","3108","Vashi New Mumbai","1000","2000","1500"
"2022-11-18","Onion","Maharashtra","Mumbai","27","519","3108","Vashi New Mumbai","1200","2400","1800"
"2022-11-17","Onion","Maharashtra","Mumbai","27","519","3108","Vashi New Mumbai","1400","2500","1950"
"2022-11-16","Onion","Maharashtra","Mumbai","27","519","3108","Vashi New Mumbai","1600","2700","2150"
"2022-11-15","Onion","Maharashtra","Mumbai","27","519","3108","Vashi New Mumbai","1500","2700","2100"
"2022-11-11","Onion","Maharashtra","Mumbai","27","519","3108","Vashi New Mumbai","1600","2600","2100"
"2022-11-10","Onion","Maharashtra","Mumbai","27","519","3108","Vashi New Mumbai","1800","3200","2500"
"2022-11-09","Onion","Maharashtra","Mumbai","27","519","3108","Vashi New Mumbai","2000","3000","2500"
"2022-11-08","Onion","Maharashtra","Mumbai","27","519","3108","Vashi New Mumbai","2100","3100","2600"
"2022-11-07","Onion","Maharashtra","Mumbai","27","519","3108","Vashi New Mumbai","2000","3100","2550"
"2022-11-05","Onion","Maharashtra","Mumbai","27","519","3108","Vashi New Mumbai","2100","3200","2650"
"2022-11-04","Onion","Maharashtra","Mumbai","27","519","3108","Vashi New Mumbai","2100","3200","2650"
"2022-11-03","Onion","Maharashtra","Mumbai","27","519","3108","Vashi New Mumbai","2200","3200","2700"
"2022-11-02","Onion","Maharashtra","Mumbai","27","519","3108","Vashi New Mumbai","2200","3200","2700"
"2022-11-01","Onion","Maharashtra","Mumbai","27","519","3108","Vashi New Mumbai","2400","3400","2900"
"2022-10-31","Onion","Maharashtra","Mumbai","27","519","3108","Vashi New Mumbai","2500","3500","3000"
"2022-10-29","Onion","Maharashtra","Mumbai","27","519","3108","Vashi New Mumbai","2000","3100","2550"
"2022-10-28","Onion","Maharashtra","Mumbai","27","519","3108","Vashi New Mumbai","2200","3000","2600"
"2022-10-27","Onion","Maharashtra","Mumbai","27","519","3108","Vashi New Mumbai","1700","2700","2200"
"2022-10-26","Onion","Maharashtra","Mumbai","27","519","3108","Vashi New Mumbai","1700","2600","2150"
"2022-10-24","Onion","Maharashtra","Mumbai","27","519","3108","Vashi New Mumbai","1500","2600","2050"
"2022-10-21","Onion","Maharashtra","Mumbai","27","519","3108","Vashi New Mumbai","1400","2400","1900"
"2022-10-20","Onion","Maharashtra","Mumbai","27","519","3108","Vashi New Mumbai","1500","2400","1950"
"2022-10-19","Onion","Maharashtra","Mumbai","27","519","3108","Vashi New Mumbai","1400","2400","1900"
"2022-10-18","Onion","Maharashtra","Mumbai","27","519","3108","Vashi New Mumbai","1500","2400","1950"
"2022-10-17","Onion","Maharashtra","Mumbai","27","519","3108","Vashi New Mumbai","1400","2400","1900"
"2022-10-15","Onion","Maharashtra","Mumbai","27","519","3108","Vashi New Mumbai","1500","2500","2000"
"2022-10-14","Onion","Maharashtra","Mumbai","27","519","3108","Vashi New Mumbai","1500","2400","1950"
"2022-10-13","Onion","Maharashtra","Mumbai","27","519","3108","Vashi New Mumbai","1500","2600","2050"
"2022-10-12","Onion","Maharashtra","Mumbai","27","519","3108","Vashi New Mumbai","1500","2600","2050"
"2022-10-10","Onion","Maharashtra","Mumbai","27","519","3108","Vashi New Mumbai","1500","2600","2050"
"2022-10-08","Onion","Maharashtra","Mumbai","27","519","3108","Vashi New Mumbai","1300","2500","1900"
"2022-10-07","Onion","Maharashtra","Mumbai","27","519","3108","Vashi New Mumbai","1200","2000","1600"
"2022-10-05","Onion","Maharashtra","Mumbai","27","519","3108","Vashi New Mumbai","1200","2100","1650"
"2022-10-04","Onion","Maharashtra","Mumbai","27","519","3108","Vashi New Mumbai","1100","2000","1550"
"2022-10-03","Onion","Maharashtra","Mumbai","27","519","3108","Vashi New Mumbai","1000","1900","1450"
"2022-10-01","Onion","Maharashtra","Mumbai","27","519","3108","Vashi New Mumbai","1100","2000","1550"
"2022-09-30","Onion","Maharashtra","Mumbai","27","519","3108","Vashi New Mumbai","1200","1900","1550"
"2022-09-29","Onion","Maharashtra","Mumbai","27","519","3108","Vashi New Mumbai","1000","1700","1350"
"2022-09-28","Onion","Maharashtra","Mumbai","27","519","3108","Vashi New Mumbai","1000","1600","1300"
"2022-09-26","Onion","Maharashtra","Mumbai","27","519","3108","Vashi New Mumbai","900","1500","1200"
"2022-09-24","Onion","Maharashtra","Mumbai","27","519","3108","Vashi New Mumbai","900","1500","1200"
"2022-09-23","Onion","Maharashtra","Mumbai","27","519","3108","Vashi New Mumbai","900","1600","1250"
"2022-09-22","Onion","Maharashtra","Mumbai","27","519","3108","Vashi New Mumbai","1000","1600","1300"
"2022-09-20","Onion","Maharashtra","Mumbai","27","519","3108","Vashi New Mumbai","900","1500","1200"
"2022-09-19","Onion","Maharashtra","Mumbai","27","519","3108","Vashi New Mumbai","900","1600","1250"
"2022-09-17","Onion","Maharashtra","Mumbai","27","519","3108","Vashi New Mumbai","900","1600","1250"
"2022-09-16","Onion","Maharashtra","Mumbai","27","519","3108","Vashi New Mumbai","900","1600","1250"
"2022-09-15","Onion","Maharashtra","Mumbai","27","519","3108","Vashi New Mumbai","900","1700","1300"
"2022-09-13","Onion","Maharashtra","Mumbai","27","519","3108","Vashi New Mumbai","1100","1700","1400"
"2022-09-08","Onion","Maharashtra","Mumbai","27","519","3108","Vashi New Mumbai","900","1600","1250"
"2022-09-07","Onion","Maharashtra","Mumbai","27","519","3108","Vashi New Mumbai","900","1500","1200"
"2022-09-06","Onion","Maharashtra","Mumbai","27","519","3108","Vashi New Mumbai","900","1600","1250"
"2022-09-05","Onion","Maharashtra","Mumbai","27","519","3108","Vashi New Mumbai","1000","1600","1300"
"2022-09-02","Onion","Maharashtra","Mumbai","27","519","3108","Vashi New Mumbai","1000","1600","1300"
"2022-08-30","Onion","Maharashtra","Mumbai","27","519","3108","Vashi New Mumbai","900","1500","1200"
"2022-08-26","Onion","Maharashtra","Mumbai","27","519","3108","Vashi New Mumbai","800","1400","1100"
"2022-08-24","Onion","Maharashtra","Mumbai","27","519","3108","Vashi New Mumbai","900","1500","1200"
"2022-08-23","Onion","Maharashtra","Mumbai","27","519","3108","Vashi New Mumbai","1000","1600","1300"
"2022-08-22","Onion","Maharashtra","Mumbai","27","519","3108","Vashi New Mumbai","900","1600","1250"
"2022-08-20","Onion","Maharashtra","Mumbai","27","519","3108","Vashi New Mumbai","1000","1700","1350"
"2022-08-18","Onion","Maharashtra","Mumbai","27","519","3108","Vashi New Mumbai","1000","1600","1300"
"2022-08-17","Onion","Maharashtra","Mumbai","27","519","3108","Vashi New Mumbai","1000","1700","1350"
"2022-08-16","Onion","Maharashtra","Mumbai","27","519","3108","Vashi New Mumbai","1000","1700","1350"
"2022-08-12","Onion","Maharashtra","Mumbai","27","519","3108","Vashi New Mumbai","900","1500","1200"
"2022-08-11","Onion","Maharashtra","Mumbai","27","519","3108","Vashi New Mumbai","900","1600","1250"
"2022-08-10","Onion","Maharashtra","Mumbai","27","519","3108","Vashi New Mumbai","900","1500","1200"
"2022-08-09","Onion","Maharashtra","Mumbai","27","519","3108","Vashi New Mumbai","900","1500","1200"
"2022-08-08","Onion","Maharashtra","Mumbai","27","519","3108","Vashi New Mumbai","900","1500","1200"
"2022-08-06","Onion","Maharashtra","Mumbai","27","519","3108","Vashi New Mumbai","900","1500","1200"
"2022-08-05","Onion","Maharashtra","Mumbai","27","519","3108","Vashi New Mumbai","1000","1600","1300"
"2022-08-04","Onion","Maharashtra","Mumbai","27","519","3108","Vashi New Mumbai","900","1600","1250"
"2022-08-03","Onion","Maharashtra","Mumbai","27","519","3108","Vashi New Mumbai","900","1600","1250"
"2022-08-02","Onion","Maharashtra","Mumbai","27","519","3108","Vashi New Mumbai","1000","1700","1350"
"2022-07-28","Onion","Maharashtra","Mumbai","27","519","3108","Vashi New Mumbai","1000","1500","1250"
"2022-07-27","Onion","Maharashtra","Mumbai","27","519","3108","Vashi New Mumbai","1000","1500","1250"
"2022-07-26","Onion","Maharashtra","Mumbai","27","519","3108","Vashi New Mumbai","900","1500","1200"
"2022-07-25","Onion","Maharashtra","Mumbai","27","519","3108","Vashi New Mumbai","800","1400","1100"
"2022-07-23","Onion","Maharashtra","Mumbai","27","519","3108","Vashi New Mumbai","900","1600","1250"
"2022-07-22","Onion","Maharashtra","Mumbai","27","519","3108","Vashi New Mumbai","900","1600","1250"
"2022-07-21","Onion","Maharashtra","Mumbai","27","519","3108","Vashi New Mumbai","900","1600","1250"
"2022-07-20","Onion","Maharashtra","Mumbai","27","519","3108","Vashi New Mumbai","1000","1600","1300"
"2022-07-19","Onion","Maharashtra","Mumbai","27","519","3108","Vashi New Mumbai","1000","1700","1350"
"2022-07-18","Onion","Maharashtra","Mumbai","27","519","3108","Vashi New Mumbai","1000","1700","1350"
"2022-07-16","Onion","Maharashtra","Mumbai","27","519","3108","Vashi New Mumbai","1000","1700","1350"
"2022-07-15","Onion","Maharashtra","Mumbai","27","519","3108","Vashi New Mumbai","1100","1700","1400"
"2022-07-14","Onion","Maharashtra","Mumbai","27","519","3108","Vashi New Mumbai","1000","1700","1350"
"2022-07-13","Onion","Maharashtra","Mumbai","27","519","3108","Vashi New Mumbai","1000","1700","1350"
"2022-07-12","Onion","Maharashtra","Mumbai","27","519","3108","Vashi New Mumbai","1000","1800","1400"
"2022-07-11","Onion","Maharashtra","Mumbai","27","519","3108","Vashi New Mumbai","1000","1700","1350"
"2022-07-09","Onion","Maharashtra","Mumbai","27","519","3108","Vashi New Mumbai","1100","1800","1450"
"2022-07-08","Onion","Maharashtra","Mumbai","27","519","3108","Vashi New Mumbai","1200","1800","1500"
"2022-07-07","Onion","Maharashtra","Mumbai","27","519","3108","Vashi New Mumbai","1200","1800","1500"
"2022-07-06","Onion","Maharashtra","Mumbai","27","519","3108","Vashi New Mumbai","1000","1800","1400"
"2022-07-05","Onion","Maharashtra","Mumbai","27","519","3108","Vashi New Mumbai","1000","1700","1350"
"2022-07-04","Onion","Maharashtra","Mumbai","27","519","3108","Vashi New Mumbai","1000","1700","1350"
"2022-07-02","Onion","Maharashtra","Mumbai","27","519","3108","Vashi New Mumbai","900","1700","1300"
"2022-07-01","Onion","Maharashtra","Mumbai","27","519","3108","Vashi New Mumbai","1000","1700","1350"
"2022-06-30","Onion","Maharashtra","Mumbai","27","519","3108","Vashi New Mumbai","1000","1700","1350"
"2022-06-29","Onion","Maharashtra","Mumbai","27","519","3108","Vashi New Mumbai","1000","1700","1350"
"2022-06-28","Onion","Maharashtra","Mumbai","27","519","3108","Vashi New Mumbai","800","1700","1250"
"2022-06-27","Onion","Maharashtra","Mumbai","27","519","3108","Vashi New Mumbai","1000","1800","1400"
"2022-06-25","Onion","Maharashtra","Mumbai","27","519","3108","Vashi New Mumbai","1100","1800","1450"
"2022-06-24","Onion","Maharashtra","Mumbai","27","519","3108","Vashi New Mumbai","1000","1700","1350"
"2022-06-23","Onion","Maharashtra","Mumbai","27","519","3108","Vashi New Mumbai","1000","1800","1400"
"2022-06-21","Onion","Maharashtra","Mumbai","27","519","3108","Vashi New Mumbai","900","1800","1350"
"2022-06-20","Onion","Maharashtra","Mumbai","27","519","3108","Vashi New Mumbai","800","1600","1200"
"2022-06-18","Onion","Maharashtra","Mumbai","27","519","3108","Vashi New Mumbai","800","1600","1200"
"2022-06-17","Onion","Maharashtra","Mumbai","27","519","3108","Vashi New Mumbai","900","1600","1250"
"2022-06-16","Onion","Maharashtra","Mumbai","27","519","3108","Vashi New Mumbai","700","3200","1950"
"2022-06-15","Onion","Maharashtra","Mumbai","27","519","3108","Vashi New Mumbai","1000","1800","1400"
"2022-06-14","Onion","Maharashtra","Mumbai","27","519","3108","Vashi New Mumbai","1100","1900","1500"
"2022-06-13","Onion","Maharashtra","Mumbai","27","519","3108","Vashi New Mumbai","1100","1900","1500"
"2022-06-11","Onion","Maharashtra","Mumbai","27","519","3108","Vashi New Mumbai","900","1700","1300"
"2022-06-10","Onion","Maharashtra","Mumbai","27","519","3108","Vashi New Mumbai","1000","1700","1350"
"2022-06-09","Onion","Maharashtra","Mumbai","27","519","162","Mumbai","1200","2000","1600"
"2022-06-09","Onion","Maharashtra","Mumbai","27","519","3108","Vashi New Mumbai","900","1700","1300"
"2022-06-08","Onion","Maharashtra","Mumbai","27","519","3108","Vashi New Mumbai","800","1600","1200"
"2022-06-07","Onion","Maharashtra","Mumbai","27","519","3108","Vashi New Mumbai","800","1600","1200"
"2022-06-02","Onion","Maharashtra","Mumbai","27","519","3108","Vashi New Mumbai","800","1400","1100"
"2022-06-01","Onion","Maharashtra","Mumbai","27","519","3108","Vashi New Mumbai","700","1300","1000"
"2022-05-31","Onion","Maharashtra","Mumbai","27","519","3108","Vashi New Mumbai","700","1400","1050"
"2022-05-30","Onion","Maharashtra","Mumbai","27","519","3108","Vashi New Mumbai","600","1300","950"
"2022-05-28","Onion","Maharashtra","Mumbai","27","519","3108","Vashi New Mumbai","700","1300","1000"
"2022-05-27","Onion","Maharashtra","Mumbai","27","519","3108","Vashi New Mumbai","700","1300","1000"
"2022-05-26","Onion","Maharashtra","Mumbai","27","519","3108","Vashi New Mumbai","600","1100","850"
"2022-05-25","Onion","Maharashtra","Mumbai","27","519","3108","Vashi New Mumbai","600","1200","900"
"2022-05-24","Onion","Maharashtra","Mumbai","27","519","3108","Vashi New Mumbai","700","1300","1000"
"2022-05-23","Onion","Maharashtra","Mumbai","27","519","3108","Vashi New Mumbai","600","1200","900"
"2022-05-21","Onion","Maharashtra","Mumbai","27","519","3108","Vashi New Mumbai","600","1200","900"
"2022-05-20","Onion","Maharashtra","Mumbai","27","519","3108","Vashi New Mumbai","600","1100","850"
"2022-05-19","Onion","Maharashtra","Mumbai","27","519","3108","Vashi New Mumbai","600","1100","850"
"2022-05-18","Onion","Maharashtra","Mumbai","27","519","3108","Vashi New Mumbai","700","1200","950"
"2022-05-17","Onion","Maharashtra","Mumbai","27","519","3108","Vashi New Mumbai","600","1100","850"
"2022-05-16","Onion","Maharashtra","Mumbai","27","519","3108","Vashi New Mumbai","600","1100","850"
"2022-05-12","Onion","Maharashtra","Mumbai","27","519","3108","Vashi New Mumbai","600","1200","950"
"2022-05-11","Onion","Maharashtra","Mumbai","27","519","3108","Vashi New Mumbai","600","1200","950"
"2022-05-10","Onion","Maharashtra","Mumbai","27","519","3108","Vashi New Mumbai","600","1200","950"
"2022-05-09","Onion","Maharashtra","Mumbai","27","519","3108","Vashi New Mumbai","600","1200","900"
"2022-05-07","Onion","Maharashtra","Mumbai","27","519","3108","Vashi New Mumbai","700","1300","1000"
"2022-05-06","Onion","Maharashtra","Mumbai","27","519","3108","Vashi New Mumbai","600","1200","900"
"2022-05-05","Onion","Maharashtra","Mumbai","27","519","3108","Vashi New Mumbai","600","1300","950"
"2022-05-04","Onion","Maharashtra","Mumbai","27","519","3108","Vashi New Mumbai","600","1300","950"
"2022-05-03","Onion","Maharashtra","Mumbai","27","519","3108","Vashi New Mumbai","600","1300","950"
"2022-05-02","Onion","Maharashtra","Mumbai","27","519","3108","Vashi New Mumbai","600","1200","900"
"2022-04-30","Onion","Maharashtra","Mumbai","27","519","3108","Vashi New Mumbai","700","1300","1000"
"2022-04-29","Onion","Maharashtra","Mumbai","27","519","3108","Vashi New Mumbai","700","1300","1000"
"2022-04-28","Onion","Maharashtra","Mumbai","27","519","3108","Vashi New Mumbai","600","1300","950"
"2022-04-27","Onion","Maharashtra","Mumbai","27","519","3108","Vashi New Mumbai","600","1200","900"
"2022-04-26","Onion","Maharashtra","Mumbai","27","519","3108","Vashi New Mumbai","600","1200","900"
"2022-04-25","Onion","Maharashtra","Mumbai","27","519","3108","Vashi New Mumbai","600","1200","900"
"2022-04-23","Onion","Maharashtra","Mumbai","27","519","3108","Vashi New Mumbai","600","1300","950"
"2022-04-22","Onion","Maharashtra","Mumbai","27","519","3108","Vashi New Mumbai","800","1300","1050"
"2022-04-21","Onion","Maharashtra","Mumbai","27","519","3108","Vashi New Mumbai","700","1300","1000"
"2022-04-20","Onion","Maharashtra","Mumbai","27","519","3108","Vashi New Mumbai","700","1300","1000"
"2022-04-19","Onion","Maharashtra","Mumbai","27","519","3108","Vashi New Mumbai","700","1350","1025"
"2022-04-18","Onion","Maharashtra","Mumbai","27","519","3108","Vashi New Mumbai","600","1300","950"
"2022-04-13","Onion","Maharashtra","Mumbai","27","519","3108","Vashi New Mumbai","600","1200","900"
"2022-04-12","Onion","Maharashtra","Mumbai","27","519","3108","Vashi New Mumbai","600","1200","900"
"2022-04-11","Onion","Maharashtra","Mumbai","27","519","3108","Vashi New Mumbai","600","1200","900"
"2022-04-09","Onion","Maharashtra","Mumbai","27","519","3108","Vashi New Mumbai","600","1200","900"
"2022-04-08","Onion","Maharashtra","Mumbai","27","519","3108","Vashi New Mumbai","600","1300","950"
"2022-04-07","Onion","Maharashtra","Mumbai","27","519","3108","Vashi New Mumbai","700","1300","1000"
"2022-04-06","Onion","Maharashtra","Mumbai","27","519","3108","Vashi New Mumbai","800","1300","1050"
"2022-04-05","Onion","Maharashtra","Mumbai","27","519","3108","Vashi New Mumbai","800","1400","1100"
"2022-04-04","Onion","Maharashtra","Mumbai","27","519","3108","Vashi New Mumbai","1000","1500","1250"
"2022-04-02","Onion","Maharashtra","Mumbai","27","519","3108","Vashi New Mumbai","1000","1500","1250"
"2022-04-01","Onion","Maharashtra","Mumbai","27","519","3108","Vashi New Mumbai","1000","1400","1200"
"2022-03-31","Onion","Maharashtra","Mumbai","27","519","3108","Vashi New Mumbai","1000","1400","1200"
"2022-03-30","Onion","Maharashtra","Mumbai","27","519","3108","Vashi New Mumbai","1000","1400","1200"
"2022-03-29","Onion","Maharashtra","Mumbai","27","519","3108","Vashi New Mumbai","1100","1400","1250"
"2022-03-28","Onion","Maharashtra","Mumbai","27","519","3108","Vashi New Mumbai","1000","1400","1200"
"2022-03-26","Onion","Maharashtra","Mumbai","27","519","3108","Vashi New Mumbai","1000","1400","1200"
"2022-03-25","Onion","Maharashtra","Mumbai","27","519","3108","Vashi New Mumbai","1000","1400","1200"
"2022-03-24","Onion","Maharashtra","Mumbai","27","519","3108","Vashi New Mumbai","1000","1400","1200"
"2022-03-22","Onion","Maharashtra","Mumbai","27","519","3108","Vashi New Mumbai","1100","1400","1250"
"2022-03-21","Onion","Maharashtra","Mumbai","27","519","3108","Vashi New Mumbai","1000","1400","1200"
"2022-03-19","Onion","Maharashtra","Mumbai","27","519","3108","Vashi New Mumbai","1000","1400","1200"
"2022-03-17","Onion","Maharashtra","Mumbai","27","519","3108","Vashi New Mumbai","1000","1500","1250"
"2022-03-16","Onion","Maharashtra","Mumbai","27","519","3108","Vashi New Mumbai","1000","1600","1300"
"2022-03-15","Onion","Maharashtra","Mumbai","27","519","3108","Vashi New Mumbai","1200","1700","1450"
"2022-03-14","Onion","Maharashtra","Mumbai","27","519","3108","Vashi New Mumbai","1300","1700","1500"
"2022-03-12","Onion","Maharashtra","Mumbai","27","519","3108","Vashi New Mumbai","1300","1800","1550"
"2022-03-11","Onion","Maharashtra","Mumbai","27","519","3108","Vashi New Mumbai","1200","1700","1450"
"2022-03-10","Onion","Maharashtra","Mumbai","27","519","3108","Vashi New Mumbai","1300","1800","1550"
"2022-03-09","Onion","Maharashtra","Mumbai","27","519","3108","Vashi New Mumbai","1300","1800","1550"
"2022-03-08","Onion","Maharashtra","Mumbai","27","519","3108","Vashi New Mumbai","1300","1800","1550"
"2022-03-07","Onion","Maharashtra","Mumbai","27","519","3108","Vashi New Mumbai","1400","2100","1750"
"2022-03-05","Onion","Maharashtra","Mumbai","27","519","3108","Vashi New Mumbai","1500","2200","1850"
"2022-03-04","Onion","Maharashtra","Mumbai","27","519","3108","Vashi New Mumbai","1500","2200","1850"
"2022-03-03","Onion","Maharashtra","Mumbai","27","519","3108","Vashi New Mumbai","1500","2400","1950"
"2022-03-02","Onion","Maharashtra","Mumbai","27","519","3108","Vashi New Mumbai","1500","2400","1950"
"2022-03-01","Onion","Maharashtra","Mumbai","27","519","3108","Vashi New Mumbai","1500","2400","1950"
"2022-02-28","Onion","Maharashtra","Mumbai","27","519","3108","Vashi New Mumbai","1500","2400","1950"
"2022-02-26","Onion","Maharashtra","Mumbai","27","519","3108","Vashi New Mumbai","1800","2800","2300"
"2022-02-25","Onion","Maharashtra","Mumbai","27","519","3108","Vashi New Mumbai","1900","3000","2450"
"2022-02-24","Onion","Maharashtra","Mumbai","27","519","3108","Vashi New Mumbai","2000","3000","2500"
"2022-02-23","Onion","Maharashtra","Mumbai","27","519","3108","Vashi New Mumbai","2000","3000","2500"
"2022-02-22","Onion","Maharashtra","Mumbai","27","519","3108","Vashi New Mumbai","2300","3300","2800"
"2022-02-18","Onion","Maharashtra","Mumbai","27","519","3108","Vashi New Mumbai","2200","3500","2850"
"2022-02-17","Onion","Maharashtra","Mumbai","27","519","3108","Vashi New Mumbai","2200","3500","2850"
"2022-02-16","Onion","Maharashtra","Mumbai","27","519","3108","Vashi New Mumbai","2400","3500","2950"
"2022-02-15","Onion","Maharashtra","Mumbai","27","519","3108","Vashi New Mumbai","2300","3500","2900"
"2022-02-14","Onion","Maharashtra","Mumbai","27","519","3108","Vashi New Mumbai","2300","3300","2800"
"2022-02-12","Onion","Maharashtra","Mumbai","27","519","3108","Vashi New Mumbai","2500","3700","3100"
"2022-02-11","Onion","Maharashtra","Mumbai","27","519","3108","Vashi New Mumbai","2100","3300","2700"
"2022-02-10","Onion","Maharashtra","Mumbai","27","519","3108","Vashi New Mumbai","2000","3200","2600"
"2022-02-09","Onion","Maharashtra","Mumbai","27","519","3108","Vashi New Mumbai","2000","3200","2600"
"2022-02-08","Onion","Maharashtra","Mumbai","27","519","3108","Vashi New Mumbai","2000","3200","2600"
"2022-02-07","Onion","Maharashtra","Mumbai","27","519","3108","Vashi New Mumbai","2000","3000","2500"
"2022-02-05","Onion","Maharashtra","Mumbai","27","519","3108","Vashi New Mumbai","2000","2800","2400"
"2022-02-04","Onion","Maharashtra","Mumbai","27","519","3108","Vashi New Mumbai","1800","2800","2300"
"2022-02-03","Onion","Maharashtra","Mumbai","27","519","3108","Vashi New Mumbai","1800","2700","2250"
"2022-02-02","Onion","Maharashtra","Mumbai","27","519","3108","Vashi New Mumbai","1800","2800","2300"
"2022-02-01","Onion","Maharashtra","Mumbai","27","519","3108","Vashi New Mumbai","1800","2800","2300"
"2022-01-31","Onion","Maharashtra","Mumbai","27","519","3108","Vashi New Mumbai","1900","2900","2400"
"2022-01-29","Onion","Maharashtra","Mumbai","27","519","3108","Vashi New Mumbai","2000","3000","2500"
"2022-01-28","Onion","Maharashtra","Mumbai","27","519","3108","Vashi New Mumbai","2000","3200","2600"
"2022-01-27","Onion","Maharashtra","Mumbai","27","519","3108","Vashi New Mumbai","2000","3000","2500"
"2022-01-25","Onion","Maharashtra","Mumbai","27","519","3108","Vashi New Mumbai","2000","3000","2500"
"2022-01-24","Onion","Maharashtra","Mumbai","27","519","3108","Vashi New Mumbai","1800","3200","2500"
"2022-01-22","Onion","Maharashtra","Mumbai","27","519","3108","Vashi New Mumbai","2100","3300","2700"
"2022-01-21","Onion","Maharashtra","Mumbai","27","519","3108","Vashi New Mumbai","2100","3300","2700"
"2022-01-20","Onion","Maharashtra","Mumbai","27","519","3108","Vashi New Mumbai","2000","3200","2600"
"2022-01-19","Onion","Maharashtra","Mumbai","27","519","3108","Vashi New Mumbai","1800","3000","2400"
"2022-01-18","Onion","Maharashtra","Mumbai","27","519","3108","Vashi New Mumbai","1800","3200","2500"
"2022-01-17","Onion","Maharashtra","Mumbai","27","519","3108","Vashi New Mumbai","1800","3000","2400"
"2022-01-15","Onion","Maharashtra","Mumbai","27","519","3108","Vashi New Mumbai","1900","3200","2550"
"2022-01-14","Onion","Maharashtra","Mumbai","27","519","3108","Vashi New Mumbai","1800","3000","2400"
"2022-01-12","Onion","Maharashtra","Mumbai","27","519","3108","Vashi New Mumbai","1800","3100","2450"
"2022-01-11","Onion","Maharashtra","Mumbai","27","519","3108","Vashi New Mumbai","1800","3100","2450"
"2022-01-10","Onion","Maharashtra","Mumbai","27","519","3108","Vashi New Mumbai","1800","3200","2500"
"2022-01-08","Onion","Maharashtra","Mumbai","27","519","3108","Vashi New Mumbai","1800","3400","2600"
"2022-01-07","Onion","Maharashtra","Mumbai","27","519","3108","Vashi New Mumbai","1800","3500","2650"
"2022-01-05","Onion","Maharashtra","Mumbai","27","519","3108","Vashi New Mumbai","2000","3600","2800"
"2022-01-04","Onion","Maharashtra","Mumbai","27","519","3108","Vashi New Mumbai","1800","3600","2700"
"2022-01-03","Onion","Maharashtra","Mumbai","27","519","3108","Vashi New Mumbai","1700","3400","2550"
"2022-01-01","Onion","Maharashtra","Mumbai","27","519","3108","Vashi New Mumbai","1800","3500","2650"
"2021-12-31","Onion","Maharashtra","Mumbai","27","519","3108","Vashi New Mumbai","1700","3500","2600"
"2021-12-30","Onion","Maharashtra","Mumbai","27","519","3108","Vashi New Mumbai","1800","3500","2650"
"2021-12-29","Onion","Maharashtra","Mumbai","27","519","3108","Vashi New Mumbai","1800","3500","2650"
"2021-12-28","Onion","Maharashtra","Mumbai","27","519","3108","Vashi New Mumbai","1600","3600","2600"
"2021-12-27","Onion","Maharashtra","Mumbai","27","519","3108","Vashi New Mumbai","1800","3700","2750"
"2021-12-25","Onion","Maharashtra","Mumbai","27","519","3108","Vashi New Mumbai","1800","3800","2800"
"2021-12-24","Onion","Maharashtra","Mumbai","27","519","3108","Vashi New Mumbai","1700","3700","2700"
"2021-12-23","Onion","Maharashtra","Mumbai","27","519","3108","Vashi New Mumbai","1700","3800","2750"
"2021-12-22","Onion","Maharashtra","Mumbai","27","519","3108","Vashi New Mumbai","1500","3600","2550"
"2021-12-21","Onion","Maharashtra","Mumbai","27","519","3108","Vashi New Mumbai","1600","3700","2650"
"2021-12-20","Onion","Maharashtra","Mumbai","27","519","3108","Vashi New Mumbai","1600","3400","2500"
"2021-12-18","Onion","Maharashtra","Mumbai","27","519","3108","Vashi New Mumbai","1500","3300","2400"
"2021-12-17","Onion","Maharashtra","Mumbai","27","519","3108","Vashi New Mumbai","1600","3400","2500"
"2021-12-16","Onion","Maharashtra","Mumbai","27","519","3108","Vashi New Mumbai","1600","3200","2400"
"2021-12-15","Onion","Maharashtra","Mumbai","27","519","3108","Vashi New Mumbai","1800","3300","2550"
"2021-12-14","Onion","Maharashtra","Mumbai","27","519","3108","Vashi New Mumbai","1800","3300","2550"
"2021-12-13","Onion","Maharashtra","Mumbai","27","519","3108","Vashi New Mumbai","1500","3200","2350"
"2021-12-11","Onion","Maharashtra","Mumbai","27","519","3108","Vashi New Mumbai","1400","2900","2150"
"2021-12-10","Onion","Maharashtra","Mumbai","27","519","3108","Vashi New Mumbai","1500","3000","2250"
"2021-12-09","Onion","Maharashtra","Mumbai","27","519","3108","Vashi New Mumbai","1400","2600","2000"
"2021-12-08","Onion","Maharashtra","Mumbai","27","519","3108","Vashi New Mumbai","1500","2600","2050"
"2021-12-07","Onion","Maharashtra","Mumbai","27","519","3108","Vashi New Mumbai","1500","2600","2050"
"2021-12-06","Onion","Maharashtra","Mumbai","27","519","3108","Vashi New Mumbai","1500","2700","2100"
"2021-12-04","Onion","Maharashtra","Mumbai","27","519","3108","Vashi New Mumbai","1800","3000","2400"
"2021-12-03","Onion","Maharashtra","Mumbai","27","519","3108","Vashi New Mumbai","1700","3000","2350"
"2021-12-02","Onion","Maharashtra","Mumbai","27","519","3108","Vashi New Mumbai","1500","2500","2000"
"2021-12-01","Onion","Maharashtra","Mumbai","27","519","3108","Vashi New Mumbai","1400","2300","1850"
"2021-11-30","Onion","Maharashtra","Mumbai","27","519","3108","Vashi New Mumbai","1400","2200","1800"
"2021-11-29","Onion","Maharashtra","Mumbai","27","519","3108","Vashi New Mumbai","1400","2400","1900"
"2021-11-27","Onion","Maharashtra","Mumbai","27","519","3108","Vashi New Mumbai","1400","2400","1900"
"2021-11-26","Onion","Maharashtra","Mumbai","27","519","3108","Vashi New Mumbai","1600","2600","2100"
"2021-11-25","Onion","Maharashtra","Mumbai","27","519","3108","Vashi New Mumbai","1700","2700","2200"
"2021-11-24","Onion","Maharashtra","Mumbai","27","519","3108","Vashi New Mumbai","1700","2700","2200"
"2021-11-23","Onion","Maharashtra","Mumbai","27","519","3108","Vashi New Mumbai","1900","2900","2400"
"2021-11-22","Onion","Maharashtra","Mumbai","27","519","3108","Vashi New Mumbai","1800","2900","2350"
"2021-11-20","Onion","Maharashtra","Mumbai","27","519","3108","Vashi New Mumbai","1600","2600","2100"
"2021-11-19","Onion","Maharashtra","Mumbai","27","519","3108","Vashi New Mumbai","1600","2600","2100"
"2021-11-18","Onion","Maharashtra","Mumbai","27","519","3108","Vashi New Mumbai","1600","2900","2250"
"2021-11-17","Onion","Maharashtra","Mumbai","27","519","3108","Vashi New Mumbai","1800","2800","2300"
"2021-11-16","Onion","Maharashtra","Mumbai","27","519","3108","Vashi New Mumbai","1900","2900","2400"
"2021-11-15","Onion","Maharashtra","Mumbai","27","519","3108","Vashi New Mumbai","1900","2900","2400"
"2021-11-13","Onion","Maharashtra","Mumbai","27","519","3108","Vashi New Mumbai","2100","3100","2600"
"2021-11-12","Onion","Maharashtra","Mumbai","27","519","3108","Vashi New Mumbai","2300","3300","2800"
"2021-11-11","Onion","Maharashtra","Mumbai","27","519","3108","Vashi New Mumbai","2500","3500","3000"
"2021-11-10","Onion","Maharashtra","Mumbai","27","519","3108","Vashi New Mumbai","2500","3500","3000"
"2021-11-09","Onion","Maharashtra","Mumbai","27","519","3108","Vashi New Mumbai","2300","3300","2800"
"2021-11-08","Onion","Maharashtra","Mumbai","27","519","3108","Vashi New Mumbai","2200","3300","2750"
"2021-11-06","Onion","Maharashtra","Mumbai","27","519","3108","Vashi New Mumbai","2100","3200","2650"
"2021-11-05","Onion","Maharashtra","Mumbai","27","519","3108","Vashi New Mumbai","2000","3000","2500"
"2021-11-04","Onion","Maharashtra","Mumbai","27","519","3108","Vashi New Mumbai","2100","3100","2600"
"2021-11-03","Onion","Maharashtra","Mumbai","27","519","3108","Vashi New Mumbai","2000","3000","2500"
"2021-11-02","Onion","Maharashtra","Mumbai","27","519","3108","Vashi New Mumbai","2000","3000","2500"
"2021-11-01","Onion","Maharashtra","Mumbai","27","519","3108","Vashi New Mumbai","2000","3000","2500"
"2021-10-30","Onion","Maharashtra","Mumbai","27","519","3108","Vashi New Mumbai","2100","3100","2600"
"2021-10-29","Onion","Maharashtra","Mumbai","27","519","3108","Vashi New Mumbai","2200","3200","2700"
"2021-10-26","Onion","Maharashtra","Mumbai","27","519","3108","Vashi New Mumbai","1800","3300","2550"
"2021-10-23","Onion","Maharashtra","Mumbai","27","519","3108","Vashi New Mumbai","1600","3000","2300"
"2021-10-22","Onion","Maharashtra","Mumbai","27","519","3108","Vashi New Mumbai","2000","3000","2500"
"2021-10-21","Onion","Maharashtra","Mumbai","27","519","3108","Vashi New Mumbai","2400","3400","2900"
"2021-10-20","Onion","Maharashtra","Mumbai","27","519","3108","Vashi New Mumbai","2500","3700","3100"
"2021-10-19","Onion","Maharashtra","Mumbai","27","519","3108","Vashi New Mumbai","2500","3800","3150"
"2021-10-18","Onion","Maharashtra","Mumbai","27","519","3108","Vashi New Mumbai","2500","3500","3000"
"2021-10-16","Onion","Maharashtra","Mumbai","27","519","3108","Vashi New Mumbai","2600","3600","3100"
"2021-10-14","Onion","Maharashtra","Mumbai","27","519","3108","Vashi New Mumbai","2800","3800","3300"
"2021-10-13","Onion","Maharashtra","Mumbai","27","519","3108","Vashi New Mumbai","3200","4200","3700"
"2021-10-12","Onion","Maharashtra","Mumbai","27","519","3108","Vashi New Mumbai","3000","4500","3750"
"2021-10-09","Onion","Maharashtra","Mumbai","27","519","3108","Vashi New Mumbai","2500","3500","3000"
"2021-10-08","Onion","Maharashtra","Mumbai","27","519","3108","Vashi New Mumbai","2500","3500","3000"
"2021-10-07","Onion","Maharashtra","Mumbai","27","519","3108","Vashi New Mumbai","2300","3300","2800"
"2021-10-06","Onion","Maharashtra","Mumbai","27","519","3108","Vashi New Mumbai","2500","3500","3000"
"2021-10-05","Onion","Maharashtra","Mumbai","27","519","3108","Vashi New Mumbai","2500","3500","3000"
"2021-10-04","Onion","Maharashtra","Mumbai","27","519","3108","Vashi New Mumbai","1500","2600","2050"
"2021-10-02","Onion","Maharashtra","Mumbai","27","519","3108","Vashi New Mumbai","1600","2700","2150"
"2021-10-01","Onion","Maharashtra","Mumbai","27","519","3108","Vashi New Mumbai","1600","2700","2150"
"2021-09-30","Onion","Maharashtra","Mumbai","27","519","3108","Vashi New Mumbai","1500","2500","2000"
"2021-09-29","Onion","Maharashtra","Mumbai","27","519","3108","Vashi New Mumbai","1500","2300","1900"
"2021-09-28","Onion","Maharashtra","Mumbai","27","519","3108","Vashi New Mumbai","1400","2200","1800"
"2021-09-27","Onion","Maharashtra","Mumbai","27","519","3108","Vashi New Mumbai","1300","2100","1700"
"2021-09-24","Onion","Maharashtra","Mumbai","27","519","3108","Vashi New Mumbai","1600","2400","2000"
"2021-09-23","Onion","Maharashtra","Mumbai","27","519","3108","Vashi New Mumbai","1400","2200","1800"
"2021-09-22","Onion","Maharashtra","Mumbai","27","519","3108","Vashi New Mumbai","1300","2000","1650"
"2021-09-21","Onion","Maharashtra","Mumbai","27","519","3108","Vashi New Mumbai","1400","2000","1700"
"2021-09-20","Onion","Maharashtra","Mumbai","27","519","3108","Vashi New Mumbai","1200","1800","1500"
"2021-09-18","Onion","Maharashtra","Mumbai","27","519","3108","Vashi New Mumbai","1100","1700","1400"
"2021-09-17","Onion","Maharashtra","Mumbai","27","519","3108","Vashi New Mumbai","1200","1800","1500"
"2021-09-16","Onion","Maharashtra","Mumbai","27","519","3108","Vashi New Mumbai","1100","1800","1450"
"2021-09-15","Onion","Maharashtra","Mumbai","27","519","3108","Vashi New Mumbai","1100","1800","1450"
"2021-09-14","Onion","Maharashtra","Mumbai","27","519","3108","Vashi New Mumbai","1200","1800","1500"
"2021-09-13","Onion","Maharashtra","Mumbai","27","519","3108","Vashi New Mumbai","1200","1900","1550"
"2021-09-11","Onion","Maharashtra","Mumbai","27","519","3108","Vashi New Mumbai","1200","1900","1550"
"2021-09-09","Onion","Maharashtra","Mumbai","27","519","3108","Vashi New Mumbai","1100","1800","1450"
"2021-09-08","Onion","Maharashtra","Mumbai","27","519","3108","Vashi New Mumbai","1100","1900","1500"
"2021-09-07","Onion","Maharashtra","Mumbai","27","519","3108","Vashi New Mumbai","1300","1900","1600"
"2021-09-06","Onion","Maharashtra","Mumbai","27","519","3108","Vashi New Mumbai","1200","1900","1550"
"2021-09-04","Onion","Maharashtra","Mumbai","27","519","3108","Vashi New Mumbai","1500","1900","1700"
"2021-09-03","Onion","Maharashtra","Mumbai","27","519","3108","Vashi New Mumbai","1000","1600","1300"
"2021-09-02","Onion","Maharashtra","Mumbai","27","519","3108","Vashi New Mumbai","1000","1600","1300"
"2021-09-01","Onion","Maharashtra","Mumbai","27","519","3108","Vashi New Mumbai","900","1600","1250"
"2021-08-31","Onion","Maharashtra","Mumbai","27","519","3108","Vashi New Mumbai","900","1600","1250"
"2021-08-30","Onion","Maharashtra","Mumbai","27","519","3108","Vashi New Mumbai","1000","1700","1350"
"2021-08-28","Onion","Maharashtra","Mumbai","27","519","3108","Vashi New Mumbai","1200","1800","1500"
"2021-08-27","Onion","Maharashtra","Mumbai","27","519","3108","Vashi New Mumbai","1200","1800","1500"
"2021-08-26","Onion","Maharashtra","Mumbai","27","519","3108","Vashi New Mumbai","1200","1900","1550"
"2021-08-25","Onion","Maharashtra","Mumbai","27","519","3108","Vashi New Mumbai","1300","2000","1650"
"2021-08-24","Onion","Maharashtra","Mumbai","27","519","3108","Vashi New Mumbai","1300","2000","1650"
"2021-08-23","Onion","Maharashtra","Mumbai","27","519","3108","Vashi New Mumbai","1200","1900","1550"
"2021-08-21","Onion","Maharashtra","Mumbai","27","519","3108","Vashi New Mumbai","1100","1900","1500"
"2021-08-20","Onion","Maharashtra","Mumbai","27","519","3108","Vashi New Mumbai","1200","2000","1600"
"2021-08-19","Onion","Maharashtra","Mumbai","27","519","3108","Vashi New Mumbai","1300","2000","1650"
"2021-08-18","Onion","Maharashtra","Mumbai","27","519","3108","Vashi New Mumbai","1300","2000","1650"
"2021-08-17","Onion","Maharashtra","Mumbai","27","519","3108","Vashi New Mumbai","1300","2000","1650"
"2021-08-16","Onion","Maharashtra","Mumbai","27","519","3108","Vashi New Mumbai","1300","2000","1650"
"2021-08-13","Onion","Maharashtra","Mumbai","27","519","3108","Vashi New Mumbai","1300","2000","1650"
"2021-08-12","Onion","Maharashtra","Mumbai","27","519","3108","Vashi New Mumbai","1400","2000","1700"
"2021-08-11","Onion","Maharashtra","Mumbai","27","519","3108","Vashi New Mumbai","1200","2000","1600"
"2021-08-10","Onion","Maharashtra","Mumbai","27","519","3108","Vashi New Mumbai","1500","2100","1800"
"2021-08-09","Onion","Maharashtra","Mumbai","27","519","3108","Vashi New Mumbai","1400","2000","1700"
"2021-08-07","Onion","Maharashtra","Mumbai","27","519","3108","Vashi New Mumbai","1500","2000","1750"
"2021-08-06","Onion","Maharashtra","Mumbai","27","519","3108","Vashi New Mumbai","1400","1900","1650"
"2021-08-04","Onion","Maharashtra","Mumbai","27","519","3108","Vashi New Mumbai","1400","2000","1700"
"2021-08-03","Onion","Maharashtra","Mumbai","27","519","3108","Vashi New Mumbai","1500","2100","1800"
"2021-08-02","Onion","Maharashtra","Mumbai","27","519","3108","Vashi New Mumbai","1500","2000","1750"
"2021-07-31","Onion","Maharashtra","Mumbai","27","519","3108","Vashi New Mumbai","1500","2000","1750"
"2021-07-30","Onion","Maharashtra","Mumbai","27","519","3108","Vashi New Mumbai","1600","2200","1900"
"2021-07-29","Onion","Maharashtra","Mumbai","27","519","3108","Vashi New Mumbai","1700","2200","1950"
"2021-07-28","Onion","Maharashtra","Mumbai","27","519","3108","Vashi New Mumbai","1600","2200","1900"
"2021-07-27","Onion","Maharashtra","Mumbai","27","519","3108","Vashi New Mumbai","1500","2100","1800"
"2021-07-26","Onion","Maharashtra","Mumbai","27","519","3108","Vashi New Mumbai","1500","2100","1800"
"2021-07-24","Onion","Maharashtra","Mumbai","27","519","3108","Vashi New Mumbai","1600","2200","1900"
"2021-07-23","Onion","Maharashtra","Mumbai","27","519","3108","Vashi New Mumbai","1600","2200","1900"
"2021-07-22","Onion","Maharashtra","Mumbai","27","519","3108","Vashi New Mumbai","1600","2200","1900"
"2021-07-21","Onion","Maharashtra","Mumbai","27","519","3108","Vashi New Mumbai","1500","2000","1750"
"2021-07-20","Onion","Maharashtra","Mumbai","27","519","3108","Vashi New Mumbai","1600","2000","1800"
"2021-07-19","Onion","Maharashtra","Mumbai","27","519","3108","Vashi New Mumbai","1500","2000","1750"
"2021-07-17","Onion","Maharashtra","Mumbai","27","519","3108","Vashi New Mumbai","1500","2000","1750"
"2021-07-16","Onion","Maharashtra","Mumbai","27","519","3108","Vashi New Mumbai","1500","2000","1750"
"2021-07-15","Onion","Maharashtra","Mumbai","27","519","3108","Vashi New Mumbai","1500","2000","1750"
"2021-07-14","Onion","Maharashtra","Mumbai","27","519","3108","Vashi New Mumbai","1500","2000","1750"
"2021-07-13","Onion","Maharashtra","Mumbai","27","519","3108","Vashi New Mumbai","1500","2100","1800"
"2021-07-12","Onion","Maharashtra","Mumbai","27","519","3108","Vashi New Mumbai","1500","2100","1800"
"2021-07-10","Onion","Maharashtra","Mumbai","27","519","3108","Vashi New Mumbai","1600","2200","1900"
"2021-07-09","Onion","Maharashtra","Mumbai","27","519","3108","Vashi New Mumbai","1500","2200","1850"
"2021-07-08","Onion","Maharashtra","Mumbai","27","519","3108","Vashi New Mumbai","1500","2200","1850"
"2021-07-07","Onion","Maharashtra","Mumbai","27","519","3108","Vashi New Mumbai","1500","2100","1800"
"2021-07-06","Onion","Maharashtra","Mumbai","27","519","3108","Vashi New Mumbai","1600","2200","1900"
"2021-07-05","Onion","Maharashtra","Mumbai","27","519","3108","Vashi New Mumbai","1500","2100","1800"
"2021-07-03","Onion","Maharashtra","Mumbai","27","519","3108","Vashi New Mumbai","1500","2100","1800"
"2021-07-02","Onion","Maharashtra","Mumbai","27","519","3108","Vashi New Mumbai","1500","2100","1800"
"2021-07-01","Onion","Maharashtra","Mumbai","27","519","3108","Vashi New Mumbai","1500","2100","1800"
"2021-06-30","Onion","Maharashtra","Mumbai","27","519","3108","Vashi New Mumbai","1600","2300","1950"
"2021-06-29","Onion","Maharashtra","Mumbai","27","519","3108","Vashi New Mumbai","1500","2200","1850"
"2021-06-28","Onion","Maharashtra","Mumbai","27","519","3108","Vashi New Mumbai","1500","2200","1850"
"2021-06-26","Onion","Maharashtra","Mumbai","27","519","3108","Vashi New Mumbai","1500","2300","1900"
"2021-06-25","Onion","Maharashtra","Mumbai","27","519","3108","Vashi New Mumbai","1500","2200","1850"
"2021-06-24","Onion","Maharashtra","Mumbai","27","519","3108","Vashi New Mumbai","1500","2300","1900"
"2021-06-23","Onion","Maharashtra","Mumbai","27","519","3108","Vashi New Mumbai","1500","2200","1850"
"2021-06-22","Onion","Maharashtra","Mumbai","27","519","3108","Vashi New Mumbai","1600","2300","1950"
"2021-06-21","Onion","Maharashtra","Mumbai","27","519","3108","Vashi New Mumbai","1500","2200","1850"
"2021-06-19","Onion","Maharashtra","Mumbai","27","519","3108","Vashi New Mumbai","1500","2200","1850"
"2021-06-18","Onion","Maharashtra","Mumbai","27","519","3108","Vashi New Mumbai","1500","2200","1850"
"2021-06-17","Onion","Maharashtra","Mumbai","27","519","3108","Vashi New Mumbai","1600","2300","1950"
"2021-06-16","Onion","Maharashtra","Mumbai","27","519","3108","Vashi New Mumbai","1600","2300","1950"
"2021-06-15","Onion","Maharashtra","Mumbai","27","519","3108","Vashi New Mumbai","1500","2300","1900"
"2021-06-14","Onion","Maharashtra","Mumbai","27","519","3108","Vashi New Mumbai","1500","2200","1850"
"2021-06-12","Onion","Maharashtra","Mumbai","27","519","3108","Vashi New Mumbai","1500","2200","1850"
"2021-06-11","Onion","Maharashtra","Mumbai","27","519","3108","Vashi New Mumbai","1600","2200","1900"
"2021-06-10","Onion","Maharashtra","Mumbai","27","519","3108","Vashi New Mumbai","1600","2200","1900"
"2021-06-09","Onion","Maharashtra","Mumbai","27","519","3108","Vashi New Mumbai","1600","2200","1900"
"2021-06-08","Onion","Maharashtra","Mumbai","27","519","3108","Vashi New Mumbai","1600","2200","1900"
"2021-06-07","Onion","Maharashtra","Mumbai","27","519","3108","Vashi New Mumbai","1600","2300","1950"
"2021-06-05","Onion","Maharashtra","Mumbai","27","519","3108","Vashi New Mumbai","1500","2200","1850"
"2021-06-04","Onion","Maharashtra","Mumbai","27","519","3108","Vashi New Mumbai","1600","2300","1950"
"2021-06-03","Onion","Maharashtra","Mumbai","27","519","3108","Vashi New Mumbai","1600","2300","1950"
"2021-06-02","Onion","Maharashtra","Mumbai","27","519","3108","Vashi New Mumbai","1600","2300","1950"
"2021-06-01","Onion","Maharashtra","Mumbai","27","519","3108","Vashi New Mumbai","1500","2300","1900"
"2021-05-31","Onion","Maharashtra","Mumbai","27","519","3108","Vashi New Mumbai","1300","2200","1750"
"2021-05-29","Onion","Maharashtra","Mumbai","27","519","3108","Vashi New Mumbai","1300","2200","1750"
"2021-05-28","Onion","Maharashtra","Mumbai","27","519","3108","Vashi New Mumbai","1200","2200","1700"
"2021-05-27","Onion","Maharashtra","Mumbai","27","519","3108","Vashi New Mumbai","1300","2000","1650"
"2021-05-26","Onion","Maharashtra","Mumbai","27","519","3108","Vashi New Mumbai","1000","1800","1400"
"2021-05-25","Onion","Maharashtra","Mumbai","27","519","3108","Vashi New Mumbai","1000","1800","1400"
"2021-05-24","Onion","Maharashtra","Mumbai","27","519","3108","Vashi New Mumbai","1000","1800","1400"
"2021-05-22","Onion","Maharashtra","Mumbai","27","519","3108","Vashi New Mumbai","1000","1800","1400"
"2021-05-21","Onion","Maharashtra","Mumbai","27","519","3108","Vashi New Mumbai","1000","1900","1450"
"2021-05-20","Onion","Maharashtra","Mumbai","27","519","3108","Vashi New Mumbai","1000","1800","1400"
"2021-05-19","Onion","Maharashtra","Mumbai","27","519","3108","Vashi New Mumbai","1000","1600","1300"
"2021-05-18","Onion","Maharashtra","Mumbai","27","519","3108","Vashi New Mumbai","1000","1600","1300"
"2021-05-17","Onion","Maharashtra","Mumbai","27","519","3108","Vashi New Mumbai","900","1500","1200"
"2021-05-15","Onion","Maharashtra","Mumbai","27","519","3108","Vashi New Mumbai","900","1600","1250"
"2021-05-14","Onion","Maharashtra","Mumbai","27","519","3108","Vashi New Mumbai","900","1600","1250"
"2021-05-13","Onion","Maharashtra","Mumbai","27","519","3108","Vashi New Mumbai","1000","1700","1350"
"2021-05-12","Onion","Maharashtra","Mumbai","27","519","3108","Vashi New Mumbai","900","1400","1150"
"2021-05-11","Onion","Maharashtra","Mumbai","27","519","3108","Vashi New Mumbai","900","1500","1200"
"2021-05-10","Onion","Maharashtra","Mumbai","27","519","3108","Vashi New Mumbai","900","1400","1150"
"2021-05-08","Onion","Maharashtra","Mumbai","27","519","3108","Vashi New Mumbai","900","1500","1200"
"2021-05-07","Onion","Maharashtra","Mumbai","27","519","3108","Vashi New Mumbai","900","1500","1200"
"2021-05-06","Onion","Maharashtra","Mumbai","27","519","3108","Vashi New Mumbai","900","1500","1200"
"2021-05-05","Onion","Maharashtra","Mumbai","27","519","3108","Vashi New Mumbai","900","1400","1150"
"2021-05-04","Onion","Maharashtra","Mumbai","27","519","3108","Vashi New Mumbai","1000","1500","1250"
"2021-05-03","Onion","Maharashtra","Mumbai","27","519","3108","Vashi New Mumbai","900","1400","1150"
"2021-04-30","Onion","Maharashtra","Mumbai","27","519","3108","Vashi New Mumbai","900","1400","1150"
"2021-04-29","Onion","Maharashtra","Mumbai","27","519","3108","Vashi New Mumbai","900","1400","1150"
"2021-04-28","Onion","Maharashtra","Mumbai","27","519","3108","Vashi New Mumbai","800","1300","1050"
"2021-04-27","Onion","Maharashtra","Mumbai","27","519","3108","Vashi New Mumbai","900","1400","1150"
"2021-04-26","Onion","Maharashtra","Mumbai","27","519","3108","Vashi New Mumbai","900","1400","1150"
"2021-04-23","Onion","Maharashtra","Mumbai","27","519","3108","Vashi New Mumbai","900","1300","1100"
"2021-04-22","Onion","Maharashtra","Mumbai","27","519","3108","Vashi New Mumbai","800","1200","1000"
"2021-04-21","Onion","Maharashtra","Mumbai","27","519","3108","Vashi New Mumbai","800","1200","1000"
"2021-04-20","Onion","Maharashtra","Mumbai","27","519","3108","Vashi New Mumbai","800","1200","1000"
"2021-04-19","Onion","Maharashtra","Mumbai","27","519","3108","Vashi New Mumbai","800","1200","1000"
"2021-04-17","Onion","Maharashtra","Mumbai","27","519","3108","Vashi New Mumbai","900","1300","1100"
"2021-04-16","Onion","Maharashtra","Mumbai","27","519","3108","Vashi New Mumbai","900","1400","1150"
"2021-04-15","Onion","Maharashtra","Mumbai","27","519","3108","Vashi New Mumbai","1000","1500","1250"
"2021-04-14","Onion","Maharashtra","Mumbai","27","519","3108","Vashi New Mumbai","1000","1400","1200"
"2021-04-13","Onion","Maharashtra","Mumbai","27","519","3108","Vashi New Mumbai","1000","1300","1150"
"2021-04-12","Onion","Maharashtra","Mumbai","27","519","3108","Vashi New Mumbai","900","1200","1050"
"2021-04-10","Onion","Maharashtra","Mumbai","27","519","3108","Vashi New Mumbai","900","1300","1100"
"2021-04-09","Onion","Maharashtra","Mumbai","27","519","3108","Vashi New Mumbai","900","1300","1100"
"2021-04-08","Onion","Maharashtra","Mumbai","27","519","3108","Vashi New Mumbai","1000","1300","1150"
"2021-04-07","Onion","Maharashtra","Mumbai","27","519","3108","Vashi New Mumbai","900","1300","1100"
"2021-04-06","Onion","Maharashtra","Mumbai","27","519","3108","Vashi New Mumbai","900","1400","1150"
"2021-04-05","Onion","Maharashtra","Mumbai","27","519","3108","Vashi New Mumbai","900","1400","1150"
"2021-04-03","Onion","Maharashtra","Mumbai","27","519","3108","Vashi New Mumbai","1000","1400","1200"
"2021-04-01","Onion","Maharashtra","Mumbai","27","519","3108","Vashi New Mumbai","1100","1400","1250"
"2021-03-31","Onion","Maharashtra","Mumbai","27","519","3108","Vashi New Mumbai","1000","1400","1200"
"2021-03-30","Onion","Maharashtra","Mumbai","27","519","3108","Vashi New Mumbai","1000","1400","1200"
"2021-03-26","Onion","Maharashtra","Mumbai","27","519","3108","Vashi New Mumbai","1200","1500","1350"
"2021-03-25","Onion","Maharashtra","Mumbai","27","519","3108","Vashi New Mumbai","1200","1500","1350"
"2021-03-24","Onion","Maharashtra","Mumbai","27","519","3108","Vashi New Mumbai","1200","1500","1350"
"2021-03-22","Onion","Maharashtra","Mumbai","27","519","3108","Vashi New Mumbai","1200","1500","1350"
"2021-03-20","Onion","Maharashtra","Mumbai","27","519","3108","Vashi New Mumbai","1100","1500","1300"
"2021-03-16","Onion","Maharashtra","Mumbai","27","519","3108","Vashi New Mumbai","1400","1800","1600"
"2021-03-15","Onion","Maharashtra","Mumbai","27","519","3108","Vashi New Mumbai","1300","1700","1500"
"2021-03-13","Onion","Maharashtra","Mumbai","27","519","3108","Vashi New Mumbai","1300","1700","1500"
"2021-03-12","Onion","Maharashtra","Mumbai","27","519","3108","Vashi New Mumbai","1100","1600","1350"
"2021-03-11","Onion","Maharashtra","Mumbai","27","519","3108","Vashi New Mumbai","1400","1800","1600"
"2021-03-10","Onion","Maharashtra","Mumbai","27","519","3108","Vashi New Mumbai","1400","1800","1600"
"2021-03-09","Onion","Maharashtra","Mumbai","27","519","3108","Vashi New Mumbai","1600","2300","1950"
"2021-03-08","Onion","Maharashtra","Mumbai","27","519","3108","Vashi New Mumbai","1600","2300","1950"
"2021-03-06","Onion","Maharashtra","Mumbai","27","519","3108","Vashi New Mumbai","1900","2600","2250"
"2021-03-05","Onion","Maharashtra","Mumbai","27","519","3108","Vashi New Mumbai","2000","2800","2400"
"2021-03-04","Onion","Maharashtra","Mumbai","27","519","3108","Vashi New Mumbai","2200","2900","2550"
"2021-03-03","Onion","Maharashtra","Mumbai","27","519","3108","Vashi New Mumbai","2300","3200","2750"
"2021-03-02","Onion","Maharashtra","Mumbai","27","519","3108","Vashi New Mumbai","2800","3500","3150"
"2021-03-01","Onion","Maharashtra","Mumbai","27","519","3108","Vashi New Mumbai","2200","3000","2600"
"2021-02-27","Onion","Maharashtra","Mumbai","27","519","3108","Vashi New Mumbai","2200","2800","2500"
"2021-02-26","Onion","Maharashtra","Mumbai","27","519","3108","Vashi New Mumbai","2800","3300","3050"
"2021-02-25","Onion","Maharashtra","Mumbai","27","519","3108","Vashi New Mumbai","3500","4000","3750"
"2021-02-24","Onion","Maharashtra","Mumbai","27","519","3108","Vashi New Mumbai","3800","4200","4000"
"2021-02-23","Onion","Maharashtra","Mumbai","27","519","3108","Vashi New Mumbai","3800","4500","4150"
"2021-02-22","Onion","Maharashtra","Mumbai","27","519","3108","Vashi New Mumbai","3800","4500","4150"
"2021-02-20","Onion","Maharashtra","Mumbai","27","519","3108","Vashi New Mumbai","3700","4400","4050"
"2021-02-18","Onion","Maharashtra","Mumbai","27","519","3108","Vashi New Mumbai","3800","4500","4150"
"2021-02-17","Onion","Maharashtra","Mumbai","27","519","3108","Vashi New Mumbai","3800","4400","4100"
"2021-02-16","Onion","Maharashtra","Mumbai","27","519","3108","Vashi New Mumbai","3600","4200","3900"
"2021-02-15","Onion","Maharashtra","Mumbai","27","519","3108","Vashi New Mumbai","3500","4100","3800"
"2021-02-13","Onion","Maharashtra","Mumbai","27","519","3108","Vashi New Mumbai","3600","4200","3900"
"2021-02-12","Onion","Maharashtra","Mumbai","27","519","3108","Vashi New Mumbai","3700","4300","4000"
"2021-02-11","Onion","Maharashtra","Mumbai","27","519","3108","Vashi New Mumbai","3800","4500","4150"
"2021-02-10","Onion","Maharashtra","Mumbai","27","519","3108","Vashi New Mumbai","3800","4200","4000"
"2021-02-09","Onion","Maharashtra","Mumbai","27","519","3108","Vashi New Mumbai","3600","4200","3900"
"2021-02-05","Onion","Maharashtra","Mumbai","27","519","3108","Vashi New Mumbai","3300","4000","3650"
"2021-02-04","Onion","Maharashtra","Mumbai","27","519","3108","Vashi New Mumbai","3500","4200","3850"
"2021-02-03","Onion","Maharashtra","Mumbai","27","519","3108","Vashi New Mumbai","3500","4200","3850"
"2021-02-02","Onion","Maharashtra","Mumbai","27","519","3108","Vashi New Mumbai","3500","4200","3850"
"2021-02-01","Onion","Maharashtra","Mumbai","27","519","3108","Vashi New Mumbai","2800","3500","3150"
"2021-01-30","Onion","Maharashtra","Mumbai","27","519","3108","Vashi New Mumbai","2700","3200","2950"
"2021-01-29","Onion","Maharashtra","Mumbai","27","519","3108","Vashi New Mumbai","2600","3000","2800"
"2021-01-28","Onion","Maharashtra","Mumbai","27","519","3108","Vashi New Mumbai","2600","3000","2800"
"2021-01-27","Onion","Maharashtra","Mumbai","27","519","3108","Vashi New Mumbai","2600","3000","2800"
"2021-01-25","Onion","Maharashtra","Mumbai","27","519","3108","Vashi New Mumbai","2700","3400","3050"
"2021-01-23","Onion","Maharashtra","Mumbai","27","519","3108","Vashi New Mumbai","2600","3300","2950"
"2021-01-22","Onion","Maharashtra","Mumbai","27","519","3108","Vashi New Mumbai","2700","3400","3050"
"2021-01-21","Onion","Maharashtra","Mumbai","27","519","3108","Vashi New Mumbai","2800","3500","3150"
"2021-01-20","Onion","Maharashtra","Mumbai","27","519","3108","Vashi New Mumbai","2800","3500","3150"
"2021-01-19","Onion","Maharashtra","Mumbai","27","519","3108","Vashi New Mumbai","2900","3600","3250"
"2021-01-18","Onion","Maharashtra","Mumbai","27","519","3108","Vashi New Mumbai","2800","3500","3150"
"2021-01-16","Onion","Maharashtra","Mumbai","27","519","3108","Vashi New Mumbai","2800","3500","3150"
"2021-01-15","Onion","Maharashtra","Mumbai","27","519","3108","Vashi New Mumbai","2600","3300","2950"
"2021-01-14","Onion","Maharashtra","Mumbai","27","519","3108","Vashi New Mumbai","2500","3200","2850"
"2021-01-11","Onion","Maharashtra","Mumbai","27","519","3108","Vashi New Mumbai","2800","3500","3150"
"2021-01-09","Onion","Maharashtra","Mumbai","27","519","3108","Vashi New Mumbai","2800","3500","3150"
"2021-01-06","Onion","Maharashtra","Mumbai","27","519","3108","Vashi New Mumbai","2500","3000","2750"
"2021-01-05","Onion","Maharashtra","Mumbai","27","519","3108","Vashi New Mumbai","2800","3300","3050"
"2021-01-04","Onion","Maharashtra","Mumbai","27","519","3108","Vashi New Mumbai","2700","3200","2950"
"2021-01-02","Onion","Maharashtra","Mumbai","27","519","3108","Vashi New Mumbai","2700","3200","2950"
"2021-01-01","Onion","Maharashtra","Mumbai","27","519","3108","Vashi New Mumbai","2400","3100","2750"
"2020-12-31","Onion","Maharashtra","Mumbai","27","519","3108","Vashi New Mumbai","2500","3200","2850"
"2020-12-30","Onion","Maharashtra","Mumbai","27","519","3108","Vashi New Mumbai","2300","3000","2650"
"2020-12-29","Onion","Maharashtra","Mumbai","27","519","3108","Vashi New Mumbai","1800","2800","2300"
"2020-12-24","Onion","Maharashtra","Mumbai","27","519","3108","Vashi New Mumbai","1800","2700","2250"
"2020-12-23","Onion","Maharashtra","Mumbai","27","519","3108","Vashi New Mumbai","1700","2600","2150"
"2020-12-22","Onion","Maharashtra","Mumbai","27","519","3108","Vashi New Mumbai","1400","2400","1900"
"2020-12-21","Onion","Maharashtra","Mumbai","27","519","3108","Vashi New Mumbai","1500","2500","2000"
"2020-12-18","Onion","Maharashtra","Mumbai","27","519","3108","Vashi New Mumbai","2300","3000","2650"
"2020-12-17","Onion","Maharashtra","Mumbai","27","519","3108","Vashi New Mumbai","2300","3000","2650"
"2020-12-16","Onion","Maharashtra","Mumbai","27","519","3108","Vashi New Mumbai","2600","3600","3100"
"2020-12-15","Onion","Maharashtra","Mumbai","27","519","3108","Vashi New Mumbai","2600","3600","3100"
"2020-12-12","Onion","Maharashtra","Mumbai","27","519","3108","Vashi New Mumbai","2800","3800","3300"
"2020-12-11","Onion","Maharashtra","Mumbai","27","519","3108","Vashi New Mumbai","1900","2700","2300"
"2020-12-10","Onion","Maharashtra","Mumbai","27","519","3108","Vashi New Mumbai","2000","2800","2400"
"2020-12-09","Onion","Maharashtra","Mumbai","27","519","3108","Vashi New Mumbai","2000","2800","2400"
"2020-12-07","Onion","Maharashtra","Mumbai","27","519","3108","Vashi New Mumbai","2000","3000","2500"
"2020-12-05","Onion","Maharashtra","Mumbai","27","519","3108","Vashi New Mumbai","2000","3000","2500"
"2020-12-04","Onion","Maharashtra","Mumbai","27","519","3108","Vashi New Mumbai","2500","3500","3000"
"2020-12-03","Onion","Maharashtra","Mumbai","27","519","3108","Vashi New Mumbai","3000","4000","3500"
"2020-12-02","Onion","Maharashtra","Mumbai","27","519","3108","Vashi New Mumbai","3000","4000","3500"
"2020-12-01","Onion","Maharashtra","Mumbai","27","519","3108","Vashi New Mumbai","3500","4500","4000"
"2020-11-30","Onion","Maharashtra","Mumbai","27","519","3108","Vashi New Mumbai","3000","4000","3500"
"2020-11-27","Onion","Maharashtra","Mumbai","27","519","3108","Vashi New Mumbai","3000","4500","3750"
"2020-11-26","Onion","Maharashtra","Mumbai","27","519","3108","Vashi New Mumbai","2500","4500","3500"
"2020-11-25","Onion","Maharashtra","Mumbai","27","519","3108","Vashi New Mumbai","2500","4500","3500"
"2020-11-24","Onion","Maharashtra","Mumbai","27","519","3108","Vashi New Mumbai","3000","5000","4000"
"2020-11-23","Onion","Maharashtra","Mumbai","27","519","3108","Vashi New Mumbai","3500","5500","4500"
"2020-11-21","Onion","Maharashtra","Mumbai","27","519","3108","Vashi New Mumbai","3000","5000","4000"
"2020-11-20","Onion","Maharashtra","Mumbai","27","519","3108","Vashi New Mumbai","3000","5000","4000"
"2020-11-19","Onion","Maharashtra","Mumbai","27","519","3108","Vashi New Mumbai","3000","5000","4000"
"2020-11-18","Onion","Maharashtra","Mumbai","27","519","3108","Vashi New Mumbai","3500","5500","4500"
"2020-11-17","Onion","Maharashtra","Mumbai","27","519","3108","Vashi New Mumbai","3000","5000","4000"
"2020-11-16","Onion","Maharashtra","Mumbai","27","519","3108","Vashi New Mumbai","3500","5500","4500"
"2020-11-12","Onion","Maharashtra","Mumbai","27","519","3108","Vashi New Mumbai","4000","5000","4500"
"2020-11-11","Onion","Maharashtra","Mumbai","27","519","3108","Vashi New Mumbai","4000","5000","4500"
"2020-11-10","Onion","Maharashtra","Mumbai","27","519","3108","Vashi New Mumbai","4000","5000","4500"
"2020-11-09","Onion","Maharashtra","Mumbai","27","519","3108","Vashi New Mumbai","3500","4500","4000"
"2020-11-07","Onion","Maharashtra","Mumbai","27","519","3108","Vashi New Mumbai","3000","5000","4000"
"2020-11-06","Onion","Maharashtra","Mumbai","27","519","3108","Vashi New Mumbai","4000","6000","5000"
"2020-11-05","Onion","Maharashtra","Mumbai","27","519","3108","Vashi New Mumbai","4500","6500","5500"
"2020-11-04","Onion","Maharashtra","Mumbai","27","519","3108","Vashi New Mumbai","5000","7000","6000"
"2020-11-03","Onion","Maharashtra","Mumbai","27","519","3108","Vashi New Mumbai","5000","7000","6000"
"2020-11-02","Onion","Maharashtra","Mumbai","27","519","3108","Vashi New Mumbai","5000","7000","6000"
"2020-10-31","Onion","Maharashtra","Mumbai","27","519","3108","Vashi New Mumbai","4500","6500","5500"
"2020-10-29","Onion","Maharashtra","Mumbai","27","519","3108","Vashi New Mumbai","4500","6500","5500"
"2020-10-28","Onion","Maharashtra","Mumbai","27","519","3108","Vashi New Mumbai","5000","7000","6000"
"2020-10-15","Onion","Maharashtra","Mumbai","27","519","3108","Vashi New Mumbai","3500","5000","4250"
"2020-10-14","Onion","Maharashtra","Mumbai","27","519","3108","Vashi New Mumbai","3500","5000","4250"
"2020-10-13","Onion","Maharashtra","Mumbai","27","519","3108","Vashi New Mumbai","3500","5000","4250"
"2020-10-12","Onion","Maharashtra","Mumbai","27","519","3108","Vashi New Mumbai","3000","4500","3750"
"2020-10-10","Onion","Maharashtra","Mumbai","27","519","3108","Vashi New Mumbai","3000","4000","3500"
"2020-10-09","Onion","Maharashtra","Mumbai","27","519","3108","Vashi New Mumbai","2600","3800","3200"
"2020-10-08","Onion","Maharashtra","Mumbai","27","519","3108","Vashi New Mumbai","2600","3800","3200"
"2020-10-07","Onion","Maharashtra","Mumbai","27","519","3108","Vashi New Mumbai","2800","3800","3300"
"2020-10-06","Onion","Maharashtra","Mumbai","27","519","3108","Vashi New Mumbai","3000","4000","3500"
"2020-10-05","Onion","Maharashtra","Mumbai","27","519","3108","Vashi New Mumbai","3000","4000","3500"
"2020-10-03","Onion","Maharashtra","Mumbai","27","519","3108","Vashi New Mumbai","3000","4000","3500"
"2020-10-02","Onion","Maharashtra","Mumbai","27","519","3108","Vashi New Mumbai","3000","4000","3500"
"2020-10-01","Onion","Maharashtra","Mumbai","27","519","3108","Vashi New Mumbai","3500","4500","4000"
"2020-09-30","Onion","Maharashtra","Mumbai","27","519","3108","Vashi New Mumbai","3500","4500","4000"
"2020-09-29","Onion","Maharashtra","Mumbai","27","519","3108","Vashi New Mumbai","3500","4500","4000"
"2020-09-28","Onion","Maharashtra","Mumbai","27","519","3108","Vashi New Mumbai","3000","4000","3500"
"2020-09-26","Onion","Maharashtra","Mumbai","27","519","3108","Vashi New Mumbai","3000","4000","3500"
"2020-09-24","Onion","Maharashtra","Mumbai","27","519","3108","Vashi New Mumbai","2500","4000","3250"
"2020-09-23","Onion","Maharashtra","Mumbai","27","519","3108","Vashi New Mumbai","2500","4000","3250"
"2020-09-22","Onion","Maharashtra","Mumbai","27","519","3108","Vashi New Mumbai","2500","4000","3250"
"2020-09-21","Onion","Maharashtra","Mumbai","27","519","3108","Vashi New Mumbai","1800","2800","2300"
"2020-09-19","Onion","Maharashtra","Mumbai","27","519","3108","Vashi New Mumbai","1700","2900","2300"
"2020-09-18","Onion","Maharashtra","Mumbai","27","519","3108","Vashi New Mumbai","1700","2900","2300"
"2020-09-17","Onion","Maharashtra","Mumbai","27","519","3108","Vashi New Mumbai","1500","2700","2100"
"2020-09-16","Onion","Maharashtra","Mumbai","27","519","3108","Vashi New Mumbai","1500","2700","2100"
"2020-09-15","Onion","Maharashtra","Mumbai","27","519","3108","Vashi New Mumbai","1500","2700","2100"
"2020-09-14","Onion","Maharashtra","Mumbai","27","519","3108","Vashi New Mumbai","1400","2600","2000"
"2020-09-12","Onion","Maharashtra","Mumbai","27","519","3108","Vashi New Mumbai","1500","2600","2050"
"2020-09-11","Onion","Maharashtra","Mumbai","27","519","3108","Vashi New Mumbai","1400","2500","1950"
"2020-09-10","Onion","Maharashtra","Mumbai","27","519","3108","Vashi New Mumbai","1300","2300","1800"
"2020-09-09","Onion","Maharashtra","Mumbai","27","519","3108","Vashi New Mumbai","1300","2300","1800"
"2020-09-08","Onion","Maharashtra","Mumbai","27","519","3108","Vashi New Mumbai","1400","2400","1900"
"2020-09-07","Onion","Maharashtra","Mumbai","27","519","3108","Vashi New Mumbai","1300","2300","1800"
"2020-09-05","Onion","Maharashtra","Mumbai","27","519","3108","Vashi New Mumbai","1400","2400","1900"
"2020-09-04","Onion","Maharashtra","Mumbai","27","519","3108","Vashi New Mumbai","1200","2200","1700"
"2020-09-03","Onion","Maharashtra","Mumbai","27","519","3108","Vashi New Mumbai","1100","2100","1600"
"2020-09-02","Onion","Maharashtra","Mumbai","27","519","3108","Vashi New Mumbai","1000","2000","1500"
"2020-08-31","Onion","Maharashtra","Mumbai","27","519","3108","Vashi New Mumbai","1200","1900","1550"
"2020-08-29","Onion","Maharashtra","Mumbai","27","519","3108","Vashi New Mumbai","1100","1900","1500"
"2020-08-28","Onion","Maharashtra","Mumbai","27","519","3108","Vashi New Mumbai","1000","1800","1400"
"2020-08-27","Onion","Maharashtra","Mumbai","27","519","3108","Vashi New Mumbai","1400","1800","1600"
"2020-08-25","Onion","Maharashtra","Mumbai","27","519","3108","Vashi New Mumbai","900","1600","1250"
"2020-08-24","Onion","Maharashtra","Mumbai","27","519","3108","Vashi New Mumbai","1200","1700","1450"
"2020-08-22","Onion","Maharashtra","Mumbai","27","519","3108","Vashi New Mumbai","1300","1700","1500"
"2020-08-21","Onion","Maharashtra","Mumbai","27","519","3108","Vashi New Mumbai","1100","1600","1350"
"2020-08-20","Onion","Maharashtra","Mumbai","27","519","3108","Vashi New Mumbai","900","1300","1100"
"2020-08-19","Onion","Maharashtra","Mumbai","27","519","3108","Vashi New Mumbai","800","1200","1000"
"2020-08-18","Onion","Maharashtra","Mumbai","27","519","3108","Vashi New Mumbai","800","1200","1000"
"2020-08-17","Onion","Maharashtra","Mumbai","27","519","3108","Vashi New Mumbai","600","1000","800"
"2020-08-14","Onion","Maharashtra","Mumbai","27","519","3108","Vashi New Mumbai","700","1100","900"
"2020-08-13","Onion","Maharashtra","Mumbai","27","519","3108","Vashi New Mumbai","600","1000","800"
"2020-08-11","Onion","Maharashtra","Mumbai","27","519","3108","Vashi New Mumbai","700","1100","900"
"2020-08-10","Onion","Maharashtra","Mumbai","27","519","3108","Vashi New Mumbai","700","1100","900"
"2020-08-08","Onion","Maharashtra","Mumbai","27","519","3108","Vashi New Mumbai","600","1100","850"
"2020-08-07","Onion","Maharashtra","Mumbai","27","519","3108","Vashi New Mumbai","600","1100","850"
"2020-08-06","Onion","Maharashtra","Mumbai","27","519","3108","Vashi New Mumbai","600","1100","850"
"2020-08-05","Onion","Maharashtra","Mumbai","27","519","3108","Vashi New Mumbai","500","1000","750"
"2020-08-04","Onion","Maharashtra","Mumbai","27","519","3108","Vashi New Mumbai","600","1100","850"
"2020-07-31","Onion","Maharashtra","Mumbai","27","519","3108","Vashi New Mumbai","600","1100","850"
"2020-07-30","Onion","Maharashtra","Mumbai","27","519","3108","Vashi New Mumbai","600","1100","850"
"2020-07-29","Onion","Maharashtra","Mumbai","27","519","3108","Vashi New Mumbai","500","1000","750"
"2020-07-28","Onion","Maharashtra","Mumbai","27","519","3108","Vashi New Mumbai","600","1100","850"
"2020-07-27","Onion","Maharashtra","Mumbai","27","519","3108","Vashi New Mumbai","500","1000","750"
"2020-07-25","Onion","Maharashtra","Mumbai","27","519","3108","Vashi New Mumbai","600","1000","800"
"2020-07-24","Onion","Maharashtra","Mumbai","27","519","3108","Vashi New Mumbai","600","1000","800"
"2020-07-23","Onion","Maharashtra","Mumbai","27","519","3108","Vashi New Mumbai","600","1000","800"
"2020-07-22","Onion","Maharashtra","Mumbai","27","519","3108","Vashi New Mumbai","600","1000","800"
"2020-07-21","Onion","Maharashtra","Mumbai","27","519","3108","Vashi New Mumbai","600","1100","850"
"2020-07-20","Onion","Maharashtra","Mumbai","27","519","3108","Vashi New Mumbai","600","1100","850"
"2020-07-18","Onion","Maharashtra","Mumbai","27","519","3108","Vashi New Mumbai","500","1000","750"
"2020-07-17","Onion","Maharashtra","Mumbai","27","519","3108","Vashi New Mumbai","600","1100","850"
"2020-07-16","Onion","Maharashtra","Mumbai","27","519","3108","Vashi New Mumbai","600","1100","850"
"2020-07-15","Onion","Maharashtra","Mumbai","27","519","3108","Vashi New Mumbai","500","1000","750"
"2020-07-14","Onion","Maharashtra","Mumbai","27","519","3108","Vashi New Mumbai","500","1000","750"
"2020-07-13","Onion","Maharashtra","Mumbai","27","519","3108","Vashi New Mumbai","600","1100","850"
"2020-07-11","Onion","Maharashtra","Mumbai","27","519","3108","Vashi New Mumbai","500","1000","750"
"2020-07-10","Onion","Maharashtra","Mumbai","27","519","3108","Vashi New Mumbai","600","1100","850"
"2020-07-09","Onion","Maharashtra","Mumbai","27","519","3108","Vashi New Mumbai","600","1100","850"
"2020-07-08","Onion","Maharashtra","Mumbai","27","519","3108","Vashi New Mumbai","600","1100","850"
"2020-07-07","Onion","Maharashtra","Mumbai","27","519","3108","Vashi New Mumbai","500","1000","750"
"2020-07-06","Onion","Maharashtra","Mumbai","27","519","3108","Vashi New Mumbai","600","1100","850"
"2020-07-04","Onion","Maharashtra","Mumbai","27","519","3108","Vashi New Mumbai","600","1100","850"
"2020-07-03","Onion","Maharashtra","Mumbai","27","519","3108","Vashi New Mumbai","700","1200","950"
"2020-07-02","Onion","Maharashtra","Mumbai","27","519","3108","Vashi New Mumbai","600","1100","850"
"2020-07-01","Onion","Maharashtra","Mumbai","27","519","3108","Vashi New Mumbai","600","1100","850"
"2020-06-30","Onion","Maharashtra","Mumbai","27","519","3108","Vashi New Mumbai","600","1200","900"
"2020-06-29","Onion","Maharashtra","Mumbai","27","519","3108","Vashi New Mumbai","600","1200","900"
"2020-06-27","Onion","Maharashtra","Mumbai","27","519","3108","Vashi New Mumbai","600","1200","900"
"2020-06-26","Onion","Maharashtra","Mumbai","27","519","3108","Vashi New Mumbai","700","1200","950"
"2020-06-25","Onion","Maharashtra","Mumbai","27","519","3108","Vashi New Mumbai","700","1200","950"
"2020-06-24","Onion","Maharashtra","Mumbai","27","519","3108","Vashi New Mumbai","600","1100","850"
"2020-06-23","Onion","Maharashtra","Mumbai","27","519","3108","Vashi New Mumbai","700","1200","950"
"2020-06-22","Onion","Maharashtra","Mumbai","27","519","3108","Vashi New Mumbai","600","1100","850"
"2020-06-20","Onion","Maharashtra","Mumbai","27","519","3108","Vashi New Mumbai","700","1200","950"
"2020-06-19","Onion","Maharashtra","Mumbai","27","519","3108","Vashi New Mumbai","600","1100","850"
"2020-06-18","Onion","Maharashtra","Mumbai","27","519","3108","Vashi New Mumbai","600","1100","850"
"2020-06-17","Onion","Maharashtra","Mumbai","27","519","3108","Vashi New Mumbai","600","1100","850"
"2020-06-16","Onion","Maharashtra","Mumbai","27","519","3108","Vashi New Mumbai","600","1100","850"
"2020-06-15","Onion","Maharashtra","Mumbai","27","519","3108","Vashi New Mumbai","500","1100","800"
"2020-06-13","Onion","Maharashtra","Mumbai","27","519","3108","Vashi New Mumbai","600","1200","900"
"2020-06-12","Onion","Maharashtra","Mumbai","27","519","3108","Vashi New Mumbai","700","1100","900"
"2020-06-11","Onion","Maharashtra","Mumbai","27","519","3108","Vashi New Mumbai","800","1200","1000"
"2020-06-10","Onion","Maharashtra","Mumbai","27","519","3108","Vashi New Mumbai","700","1200","950"
"2020-06-09","Onion","Maharashtra","Mumbai","27","519","3108","Vashi New Mumbai","700","1200","950"
"2020-06-08","Onion","Maharashtra","Mumbai","27","519","3108","Vashi New Mumbai","700","1200","950"
"2020-06-06","Onion","Maharashtra","Mumbai","27","519","3108","Vashi New Mumbai","400","1100","750"
"2020-06-05","Onion","Maharashtra","Mumbai","27","519","3108","Vashi New Mumbai","500","1200","850"
"2020-06-04","Onion","Maharashtra","Mumbai","27","519","3108","Vashi New Mumbai","500","1200","850"
"2020-06-03","Onion","Maharashtra","Mumbai","27","519","3108","Vashi New Mumbai","500","1100","800"
"2020-06-02","Onion","Maharashtra","Mumbai","27","519","3108","Vashi New Mumbai","500","1100","800"
"2020-06-01","Onion","Maharashtra","Mumbai","27","519","3108","Vashi New Mumbai","500","1100","800"
"2020-05-30","Onion","Maharashtra","Mumbai","27","519","3108","Vashi New Mumbai","500","1000","750"
"2020-05-29","Onion","Maharashtra","Mumbai","27","519","3108","Vashi New Mumbai","600","1100","850"
"2020-05-28","Onion","Maharashtra","Mumbai","27","519","3108","Vashi New Mumbai","500","1000","750"
"2020-05-27","Onion","Maharashtra","Mumbai","27","519","3108","Vashi New Mumbai","600","1100","850"
"2020-05-26","Onion","Maharashtra","Mumbai","27","519","3108","Vashi New Mumbai","600","1100","850"
"2020-05-22","Onion","Maharashtra","Mumbai","27","519","3108","Vashi New Mumbai","700","1200","950"
"2020-05-21","Onion","Maharashtra","Mumbai","27","519","3108","Vashi New Mumbai","700","1200","950"
"2020-05-09","Onion","Maharashtra","Mumbai","27","519","3108","Vashi New Mumbai","900","1300","1100"
"2020-05-08","Onion","Maharashtra","Mumbai","27","519","3108","Vashi New Mumbai","900","1200","1050"
"2020-05-07","Onion","Maharashtra","Mumbai","27","519","3108","Vashi New Mumbai","900","1200","1050"
"2020-05-06","Onion","Maharashtra","Mumbai","27","519","3108","Vashi New Mumbai","900","1300","1100"
"2020-05-05","Onion","Maharashtra","Mumbai","27","519","3108","Vashi New Mumbai","900","1300","1100"
"2020-05-04","Onion","Maharashtra","Mumbai","27","519","3108","Vashi New Mumbai","900","1300","1100"
"2020-04-07","Onion","Maharashtra","Mumbai","27","519","3108","Vashi New Mumbai","1200","1600","1400"
"2020-04-03","Onion","Maharashtra","Mumbai","27","519","3108","Vashi New Mumbai","1500","1800","1650"
"2020-04-02","Onion","Maharashtra","Mumbai","27","519","3108","Vashi New Mumbai","1400","1900","1650"
"2020-04-01","Onion","Maharashtra","Mumbai","27","519","3108","Vashi New Mumbai","1300","1800","1550"
"2020-03-20","Onion","Maharashtra","Mumbai","27","519","3108","Vashi New Mumbai","1400","1900","1650"
"2020-03-19","Onion","Maharashtra","Mumbai","27","519","3108","Vashi New Mumbai","1400","1800","1600"
"2020-03-18","Onion","Maharashtra","Mumbai","27","519","3108","Vashi New Mumbai","1500","1900","1700"
"2020-03-17","Onion","Maharashtra","Mumbai","27","519","3108","Vashi New Mumbai","1500","1900","1700"
"2020-03-16","Onion","Maharashtra","Mumbai","27","519","3108","Vashi New Mumbai","1500","1900","1700"
"2020-03-14","Onion","Maharashtra","Mumbai","27","519","3108","Vashi New Mumbai","1500","2200","1850"
"2020-03-13","Onion","Maharashtra","Mumbai","27","519","3108","Vashi New Mumbai","1600","2200","1900"
"2020-03-12","Onion","Maharashtra","Mumbai","27","519","3108","Vashi New Mumbai","1700","2300","2000"
"2020-03-11","Onion","Maharashtra","Mumbai","27","519","3108","Vashi New Mumbai","1600","2200","1900"
"2020-03-09","Onion","Maharashtra","Mumbai","27","519","3108","Vashi New Mumbai","1600","2200","1900"
"2020-03-07","Onion","Maharashtra","Mumbai","27","519","3108","Vashi New Mumbai","1500","2000","1750"
"2020-03-06","Onion","Maharashtra","Mumbai","27","519","3108","Vashi New Mumbai","1500","2100","1800"
"2020-03-05","Onion","Maharashtra","Mumbai","27","519","3108","Vashi New Mumbai","1500","2100","1800"
"2020-03-03","Onion","Maharashtra","Mumbai","27","519","3108","Vashi New Mumbai","1500","2000","1750"
"2020-03-02","Onion","Maharashtra","Mumbai","27","519","3108","Vashi New Mumbai","1800","2200","2000"
"2020-02-28","Onion","Maharashtra","Mumbai","27","519","3108","Vashi New Mumbai","1800","2200","2000"
"2020-02-27","Onion","Maharashtra","Mumbai","27","519","3108","Vashi New Mumbai","1700","2100","1900"
"2020-02-25","Onion","Maharashtra","Mumbai","27","519","3108","Vashi New Mumbai","1600","2000","1800"
"2020-02-24","Onion","Maharashtra","Mumbai","27","519","3108","Vashi New Mumbai","1800","2300","2050"
"2020-02-22","Onion","Maharashtra","Mumbai","27","519","3108","Vashi New Mumbai","1800","2300","2050"
"2020-02-20","Onion","Maharashtra","Mumbai","27","519","3108","Vashi New Mumbai","1800","2300","2050"
"2020-02-18","Onion","Maharashtra","Mumbai","27","519","3108","Vashi New Mumbai","1800","2500","2150"
"2020-02-17","Onion","Maharashtra","Mumbai","27","519","3108","Vashi New Mumbai","1700","2400","2050"
"2020-02-15","Onion","Maharashtra","Mumbai","27","519","3108","Vashi New Mumbai","1800","2500","2150"
"2020-02-14","Onion","Maharashtra","Mumbai","27","519","3108","Vashi New Mumbai","1800","2500","2150"
"2020-02-13","Onion","Maharashtra","Mumbai","27","519","3108","Vashi New Mumbai","1800","2500","2150"
"2020-02-12","Onion","Maharashtra","Mumbai","27","519","3108","Vashi New Mumbai","1800","2500","2150"
"2020-02-11","Onion","Maharashtra","Mumbai","27","519","3108","Vashi New Mumbai","1700","2400","2050"
"2020-02-10","Onion","Maharashtra","Mumbai","27","519","3108","Vashi New Mumbai","1700","2400","2050"
"2020-02-08","Onion","Maharashtra","Mumbai","27","519","3108","Vashi New Mumbai","1500","2200","1850"
"2020-02-07","Onion","Maharashtra","Mumbai","27","519","3108","Vashi New Mumbai","1200","1800","1500"
"2020-02-06","Onion","Maharashtra","Mumbai","27","519","3108","Vashi New Mumbai","1500","2200","1850"
"2020-02-05","Onion","Maharashtra","Mumbai","27","519","3108","Vashi New Mumbai","1800","2300","2050"
"2020-02-04","Onion","Maharashtra","Mumbai","27","519","3108","Vashi New Mumbai","2000","2600","2300"
"2020-02-03","Onion","Maharashtra","Mumbai","27","519","3108","Vashi New Mumbai","2000","2700","2350"
"2020-02-01","Onion","Maharashtra","Mumbai","27","519","3108","Vashi New Mumbai","2400","3200","2800"
"2020-01-31","Onion","Maharashtra","Mumbai","27","519","3108","Vashi New Mumbai","2200","2800","2500"
"2020-01-30","Onion","Maharashtra","Mumbai","27","519","3108","Vashi New Mumbai","2000","2700","2350"
"2020-01-29","Onion","Maharashtra","Mumbai","27","519","3108","Vashi New Mumbai","2600","3200","2900"
"2020-01-28","Onion","Maharashtra","Mumbai","27","519","3108","Vashi New Mumbai","2700","3200","2950"
"2020-01-27","Onion","Maharashtra","Mumbai","27","519","3108","Vashi New Mumbai","2700","3500","2950"
"2020-01-25","Onion","Maharashtra","Mumbai","27","519","3108","Vashi New Mumbai","2700","3500","2950"
"2020-01-24","Onion","Maharashtra","Mumbai","27","519","3108","Vashi New Mumbai","3000","3800","3400"
"2020-01-23","Onion","Maharashtra","Mumbai","27","519","3108","Vashi New Mumbai","3500","4300","4000"
"2020-01-22","Onion","Maharashtra","Mumbai","27","519","3108","Vashi New Mumbai","4000","5000","4500"
"2020-01-20","Onion","Maharashtra","Mumbai","27","519","3108","Vashi New Mumbai","4000","5500","4750"
"2020-01-18","Onion","Maharashtra","Mumbai","27","519","3108","Vashi New Mumbai","3500","4500","4000"
"2020-01-17","Onion","Maharashtra","Mumbai","27","519","3108","Vashi New Mumbai","3000","4500","3750"
"2020-01-16","Onion","Maharashtra","Mumbai","27","519","3108","Vashi New Mumbai","3000","4000","3500"
"2020-01-15","Onion","Maharashtra","Mumbai","27","519","3108","Vashi New Mumbai","3000","4000","3500"
"2020-01-14","Onion","Maharashtra","Mumbai","27","519","3108","Vashi New Mumbai","2800","3800","3300"
"2020-01-13","Onion","Maharashtra","Mumbai","27","519","3108","Vashi New Mumbai","2800","3200","3000"
"2020-01-11","Onion","Maharashtra","Mumbai","27","519","3108","Vashi New Mumbai","3000","3800","3400"
"2020-01-10","Onion","Maharashtra","Mumbai","27","519","3108","Vashi New Mumbai","3700","4400","4050"
"2020-01-09","Onion","Maharashtra","Mumbai","27","519","3108","Vashi New Mumbai","3800","4500","4150"
"2020-01-08","Onion","Maharashtra","Mumbai","27","519","3108","Vashi New Mumbai","4000","5000","4500"
"2020-01-07","Onion","Maharashtra","Mumbai","27","519","3108","Vashi New Mumbai","4000","5000","4500"
"2020-01-06","Onion","Maharashtra","Mumbai","27","519","3108","Vashi New Mumbai","4000","6000","4750"
"2020-01-04","Onion","Maharashtra","Mumbai","27","519","3108","Vashi New Mumbai","4000","5000","4500"
"2020-01-03","Onion","Maharashtra","Mumbai","27","519","3108","Vashi New Mumbai","3800","5000","4500"
"2020-01-02","Onion","Maharashtra","Mumbai","27","519","3108","Vashi New Mumbai","3500","5500","4500"
"2020-01-01","Onion","Maharashtra","Mumbai","27","519","3108","Vashi New Mumbai","4500","6500","5500"
"2019-12-31","Onion","Maharashtra","Mumbai","27","519","3108","Vashi New Mumbai","4500","6500","5500"
"2019-12-30","Onion","Maharashtra","Mumbai","27","519","3108","Vashi New Mumbai","5000","7000","6000"
"2019-12-28","Onion","Maharashtra","Mumbai","27","519","3108","Vashi New Mumbai","6000","8000","7000"
"2019-12-27","Onion","Maharashtra","Mumbai","27","519","3108","Vashi New Mumbai","6000","8000","7000"
"2019-12-26","Onion","Maharashtra","Mumbai","27","519","3108","Vashi New Mumbai","6500","9000","7500"
"2019-12-25","Onion","Maharashtra","Mumbai","27","519","3108","Vashi New Mumbai","7000","9000","8000"
"2019-12-24","Onion","Maharashtra","Mumbai","27","519","3108","Vashi New Mumbai","6000","8000","7000"
"2019-12-23","Onion","Maharashtra","Mumbai","27","519","3108","Vashi New Mumbai","6000","8000","7000"
"2019-12-21","Onion","Maharashtra","Mumbai","27","519","3108","Vashi New Mumbai","5000","8000","6500"
"2019-12-20","Onion","Maharashtra","Mumbai","27","519","3108","Vashi New Mumbai","6000","10000","7500"
"2019-12-19","Onion","Maharashtra","Mumbai","27","519","3108","Vashi New Mumbai","7000","11000","8500"
"2019-12-18","Onion","Maharashtra","Mumbai","27","519","3108","Vashi New Mumbai","7000","11000","8500"
"2019-12-17","Onion","Maharashtra","Mumbai","27","519","3108","Vashi New Mumbai","7000","11000","8500"
"2019-12-16","Onion","Maharashtra","Mumbai","27","519","3108","Vashi New Mumbai","8000","12000","9000"
"2019-12-14","Onion","Maharashtra","Mumbai","27","519","3108","Vashi New Mumbai","6500","9000","7000"
"2019-12-13","Onion","Maharashtra","Mumbai","27","519","3108","Vashi New Mumbai","6000","10000","6500"
"2019-12-12","Onion","Maharashtra","Mumbai","27","519","3108","Vashi New Mumbai","5000","11000","6000"
"2019-12-11","Onion","Maharashtra","Mumbai","27","519","3108","Vashi New Mumbai","4000","10000","5500"
"2019-12-10","Onion","Maharashtra","Mumbai","27","519","3108","Vashi New Mumbai","5000","10000","6000"
"2019-12-09","Onion","Maharashtra","Mumbai","27","519","3108","Vashi New Mumbai","6000","12000","6500"
"2019-12-07","Onion","Maharashtra","Mumbai","27","519","3108","Vashi New Mumbai","6000","13000","6500"
"2019-12-06","Onion","Maharashtra","Mumbai","27","519","3108","Vashi New Mumbai","7000","13000","10000"
"2019-12-05","Onion","Maharashtra","Mumbai","27","519","3108","Vashi New Mumbai","8000","13000","10500"
"2019-12-04","Onion","Maharashtra","Mumbai","27","519","3108","Vashi New Mumbai","9000","13000","11000"
"2019-12-03","Onion","Maharashtra","Mumbai","27","519","3108","Vashi New Mumbai","8500","12000","10250"
"2019-12-02","Onion","Maharashtra","Mumbai","27","519","3108","Vashi New Mumbai","6000","9500","7750"
"2019-11-30","Onion","Maharashtra","Mumbai","27","519","3108","Vashi New Mumbai","5000","8000","6500"
"2019-11-29","Onion","Maharashtra","Mumbai","27","519","3108","Vashi New Mumbai","4500","8500","6500"
"2019-11-28","Onion","Maharashtra","Mumbai","27","519","3108","Vashi New Mumbai","5000","9000","7000"
"2019-11-27","Onion","Maharashtra","Mumbai","27","519","3108","Vashi New Mumbai","5500","9500","7500"
"2019-11-26","Onion","Maharashtra","Mumbai","27","519","3108","Vashi New Mumbai","6000","10000","8000"
"2019-11-25","Onion","Maharashtra","Mumbai","27","519","3108","Vashi New Mumbai","6000","10000","8000"
"2019-11-23","Onion","Maharashtra","Mumbai","27","519","3108","Vashi New Mumbai","6500","8500","7500"
"2019-11-22","Onion","Maharashtra","Mumbai","27","519","3108","Vashi New Mumbai","6000","8000","7000"
"2019-11-21","Onion","Maharashtra","Mumbai","27","519","3108","Vashi New Mumbai","5300","6500","5900"
"2019-11-20","Onion","Maharashtra","Mumbai","27","519","3108","Vashi New Mumbai","5000","6200","5600"
"2019-11-19","Onion","Maharashtra","Mumbai","27","519","3108","Vashi New Mumbai","5000","6200","5600"
"2019-11-18","Onion","Maharashtra","Mumbai","27","519","3108","Vashi New Mumbai","5000","6000","5500"
"2019-11-16","Onion","Maharashtra","Mumbai","27","519","3108","Vashi New Mumbai","4800","5400","5100"
"2019-11-15","Onion","Maharashtra","Mumbai","27","519","3108","Vashi New Mumbai","4600","5500","5050"
"2019-11-14","Onion","Maharashtra","Mumbai","27","519","3108","Vashi New Mumbai","4600","5500","5050"
"2019-11-13","Onion","Maharashtra","Mumbai","27","519","3108","Vashi New Mumbai","4500","5500","5000"
"2019-11-12","Onion","Maharashtra","Mumbai","27","519","3108","Vashi New Mumbai","4500","5500","5000"
"2019-11-11","Onion","Maharashtra","Mumbai","27","519","3108","Vashi New Mumbai","5500","6500","6000"
"2019-11-09","Onion","Maharashtra","Mumbai","27","519","3108","Vashi New Mumbai","4800","5800","5300"
"2019-11-08","Onion","Maharashtra","Mumbai","27","519","3108","Vashi New Mumbai","4500","5500","5000"
"2019-11-07","Onion","Maharashtra","Mumbai","27","519","3108","Vashi New Mumbai","4400","5000","4700"
"2019-11-06","Onion","Maharashtra","Mumbai","27","519","3108","Vashi New Mumbai","4300","5400","4850"
"2019-11-05","Onion","Maharashtra","Mumbai","27","519","3108","Vashi New Mumbai","5000","7000","6000"
"2019-11-04","Onion","Maharashtra","Mumbai","27","519","3108","Vashi New Mumbai","5000","7500","6250"
"2019-11-02","Onion","Maharashtra","Mumbai","27","519","3108","Vashi New Mumbai","4800","6000","5400"
"2019-11-01","Onion","Maharashtra","Mumbai","27","519","3108","Vashi New Mumbai","3800","4800","4300"
"2019-10-31","Onion","Maharashtra","Mumbai","27","519","3108","Vashi New Mumbai","3800","4400","4100"
"2019-10-30","Onion","Maharashtra","Mumbai","27","519","3108","Vashi New Mumbai","3600","4200","3900"
"2019-10-28","Onion","Maharashtra","Mumbai","27","519","3108","Vashi New Mumbai","3600","4300","3950"
"2019-10-25","Onion","Maharashtra","Mumbai","27","519","3108","Vashi New Mumbai","3700","4200","3950"
"2019-10-24","Onion","Maharashtra","Mumbai","27","519","3108","Vashi New Mumbai","3300","4000","3650"
"2019-10-23","Onion","Maharashtra","Mumbai","27","519","3108","Vashi New Mumbai","3300","4000","3650"
"2019-10-22","Onion","Maharashtra","Mumbai","27","519","3108","Vashi New Mumbai","2650","3300","2975"
"2019-10-19","Onion","Maharashtra","Mumbai","27","519","3108","Vashi New Mumbai","2600","3200","2900"
"2019-10-18","Onion","Maharashtra","Mumbai","27","519","3108","Vashi New Mumbai","2800","3200","3000"
"2019-10-17","Onion","Maharashtra","Mumbai","27","519","3108","Vashi New Mumbai","2600","3200","3000"
"2019-10-16","Onion","Maharashtra","Mumbai","27","519","3108","Vashi New Mumbai","2700","3200","2950"
"2019-10-15","Onion","Maharashtra","Mumbai","27","519","3108","Vashi New Mumbai","2900","3300","3100"
"2019-10-14","Onion","Maharashtra","Mumbai","27","519","3108","Vashi New Mumbai","2800","3300","3050"
"2019-10-12","Onion","Maharashtra","Mumbai","27","519","3108","Vashi New Mumbai","3000","3500","3250"
"2019-10-11","Onion","Maharashtra","Mumbai","27","519","3108","Vashi New Mumbai","3000","3600","3300"
"2019-10-10","Onion","Maharashtra","Mumbai","27","519","3108","Vashi New Mumbai","3200","3800","3500"
"2019-10-09","Onion","Maharashtra","Mumbai","27","519","3108","Vashi New Mumbai","3000","3800","3400"
"2019-10-07","Onion","Maharashtra","Mumbai","27","519","3108","Vashi New Mumbai","3100","3800","3450"
"2019-10-05","Onion","Maharashtra","Mumbai","27","519","3108","Vashi New Mumbai","2800","3200","3000"
"2019-10-04","Onion","Maharashtra","Mumbai","27","519","3108","Vashi New Mumbai","2500","3200","2850"
"2019-10-03","Onion","Maharashtra","Mumbai","27","519","3108","Vashi New Mumbai","2800","3400","3100"
"2019-10-02","Onion","Maharashtra","Mumbai","27","519","3108","Vashi New Mumbai","2800","3500","3150"
"2019-10-01","Onion","Maharashtra","Mumbai","27","519","3108","Vashi New Mumbai","3300","3800","3550"
"2019-09-30","Onion","Maharashtra","Mumbai","27","519","3108","Vashi New Mumbai","3200","3600","3400"
"2019-09-28","Onion","Maharashtra","Mumbai","27","519","3108","Vashi New Mumbai","3100","3900","3500"
"2019-09-27","Onion","Maharashtra","Mumbai","27","519","3108","Vashi New Mumbai","3400","4000","3700"
"2019-09-26","Onion","Maharashtra","Mumbai","27","519","3108","Vashi New Mumbai","3400","4000","3700"
"2019-09-24","Onion","Maharashtra","Mumbai","27","519","3108","Vashi New Mumbai","3800","4200","4000"
"2019-09-23","Onion","Maharashtra","Mumbai","27","519","3108","Vashi New Mumbai","3800","4400","4100"
"2019-09-21","Onion","Maharashtra","Mumbai","27","519","3108","Vashi New Mumbai","4000","4500","4250"
"2019-09-20","Onion","Maharashtra","Mumbai","27","519","3108","Vashi New Mumbai","4200","4700","4450"
"2019-09-19","Onion","Maharashtra","Mumbai","27","519","3108","Vashi New Mumbai","3700","4100","3900"
"2019-09-18","Onion","Maharashtra","Mumbai","27","519","3108","Vashi New Mumbai","3100","3600","3350"
"2019-09-17","Onion","Maharashtra","Mumbai","27","519","3108","Vashi New Mumbai","3000","3500","3250"
"2019-09-16","Onion","Maharashtra","Mumbai","27","519","3108","Vashi New Mumbai","2900","3400","3150"
"2019-09-14","Onion","Maharashtra","Mumbai","27","519","3108","Vashi New Mumbai","2800","3400","3100"
"2019-09-13","Onion","Maharashtra","Mumbai","27","519","3108","Vashi New Mumbai","2600","3100","2850"
"2019-09-11","Onion","Maharashtra","Mumbai","27","519","3108","Vashi New Mumbai","2400","2800","2600"
"2019-09-09","Onion","Maharashtra","Mumbai","27","519","3108","Vashi New Mumbai","2400","2600","2500"
"2019-09-07","Onion","Maharashtra","Mumbai","27","519","3108","Vashi New Mumbai","2400","2600","2500"
"2019-09-06","Onion","Maharashtra","Mumbai","27","519","3108","Vashi New Mumbai","2300","2600","2450"
"2019-09-05","Onion","Maharashtra","Mumbai","27","519","3108","Vashi New Mumbai","2400","2700","2550"
"2019-09-04","Onion","Maharashtra","Mumbai","27","519","3108","Vashi New Mumbai","2300","2600","2450"
"2019-09-02","Onion","Maharashtra","Mumbai","27","519","3108","Vashi New Mumbai","2000","2500","2250"
"2019-08-31","Onion","Maharashtra","Mumbai","27","519","3108","Vashi New Mumbai","2300","2700","2500"
"2019-08-30","Onion","Maharashtra","Mumbai","27","519","3108","Vashi New Mumbai","2400","2800","2600"
"2019-08-29","Onion","Maharashtra","Mumbai","27","519","3108","Vashi New Mumbai","2400","3000","2700"
"2019-08-28","Onion","Maharashtra","Mumbai","27","519","3108","Vashi New Mumbai","2400","2800","2600"
"2019-08-27","Onion","Maharashtra","Mumbai","27","519","3108","Vashi New Mumbai","2200","2500","2350"
"2019-08-26","Onion","Maharashtra","Mumbai","27","519","3108","Vashi New Mumbai","2000","2400","2200"
"2019-08-23","Onion","Maharashtra","Mumbai","27","519","3108","Vashi New Mumbai","2300","2700","2500"
"2019-08-22","Onion","Maharashtra","Mumbai","27","519","3108","Vashi New Mumbai","2200","2500","2350"
"2019-08-21","Onion","Maharashtra","Mumbai","27","519","3108","Vashi New Mumbai","2000","2400","2200"
"2019-08-20","Onion","Maharashtra","Mumbai","27","519","3108","Vashi New Mumbai","1700","2200","1950"
"2019-08-19","Onion","Maharashtra","Mumbai","27","519","3108","Vashi New Mumbai","1700","2000","1850"
"2019-08-17","Onion","Maharashtra","Mumbai","27","519","3108","Vashi New Mumbai","1700","2000","1850"
"2019-08-16","Onion","Maharashtra","Mumbai","27","519","3108","Vashi New Mumbai","1700","2100","1900"
"2019-08-14","Onion","Maharashtra","Mumbai","27","519","3108","Vashi New Mumbai","1400","1600","1500"
"2019-08-13","Onion","Maharashtra","Mumbai","27","519","3108","Vashi New Mumbai","1200","1600","1400"
"2019-08-09","Onion","Maharashtra","Mumbai","27","519","3108","Vashi New Mumbai","1500","1700","1600"
"2019-08-08","Onion","Maharashtra","Mumbai","27","519","3108","Vashi New Mumbai","1500","1700","1600"
"2019-08-07","Onion","Maharashtra","Mumbai","27","519","3108","Vashi New Mumbai","1500","1700","1600"
"2019-08-06","Onion","Maharashtra","Mumbai","27","519","3108","Vashi New Mumbai","1500","1700","1600"
"2019-08-05","Onion","Maharashtra","Mumbai","27","519","3108","Vashi New Mumbai","1400","1700","1550"
"2019-08-03","Onion","Maharashtra","Mumbai","27","519","3108","Vashi New Mumbai","1400","1600","1500"
"2019-08-02","Onion","Maharashtra","Mumbai","27","519","3108","Vashi New Mumbai","1200","1500","1350"
"2019-08-01","Onion","Maharashtra","Mumbai","27","519","3108","Vashi New Mumbai","1300","1600","1450"
"2019-07-31","Onion","Maharashtra","Mumbai","27","519","3108","Vashi New Mumbai","1350","1550","1450"
"2019-07-30","Onion","Maharashtra","Mumbai","27","519","3108","Vashi New Mumbai","1300","1500","1400"
"2019-07-29","Onion","Maharashtra","Mumbai","27","519","3108","Vashi New Mumbai","1200","1500","1350"
"2019-07-27","Onion","Maharashtra","Mumbai","27","519","3108","Vashi New Mumbai","1300","1600","1450"
"2019-07-26","Onion","Maharashtra","Mumbai","27","519","3108","Vashi New Mumbai","1300","1500","1400"
"2019-07-25","Onion","Maharashtra","Mumbai","27","519","3108","Vashi New Mumbai","1300","1500","1400"
"2019-07-24","Onion","Maharashtra","Mumbai","27","519","3108","Vashi New Mumbai","1300","1500","1400"
"2019-07-23","Onion","Maharashtra","Mumbai","27","519","3108","Vashi New Mumbai","1200","1500","1350"
"2019-07-22","Onion","Maharashtra","Mumbai","27","519","3108","Vashi New Mumbai","1200","1400","1300"
"2019-07-20","Onion","Maharashtra","Mumbai","27","519","3108","Vashi New Mumbai","1100","1400","1250"
"2019-07-19","Onion","Maharashtra","Mumbai","27","519","3108","Vashi New Mumbai","1100","1400","1250"
"2019-07-18","Onion","Maharashtra","Mumbai","27","519","3108","Vashi New Mumbai","1200","1500","1350"
"2019-07-17","Onion","Maharashtra","Mumbai","27","519","3108","Vashi New Mumbai","1200","1500","1350"
"2019-07-17","Onion","Maharashtra","Mumbai","27","519","162","Mumbai","1200","1500","1350"
"2019-07-16","Onion","Maharashtra","Mumbai","27","519","3108","Vashi New Mumbai","1200","1400","1300"
"2019-07-15","Onion","Maharashtra","Mumbai","27","519","3108","Vashi New Mumbai","1200","1500","1350"
"2019-07-11","Onion","Maharashtra","Mumbai","27","519","3108","Vashi New Mumbai","1300","1600","1450"
"2019-07-10","Onion","Maharashtra","Mumbai","27","519","3108","Vashi New Mumbai","1200","1500","1350"
"2019-07-09","Onion","Maharashtra","Mumbai","27","519","3108","Vashi New Mumbai","1200","1600","1400"
"2019-07-08","Onion","Maharashtra","Mumbai","27","519","3108","Vashi New Mumbai","1200","1500","1350"
"2019-07-06","Onion","Maharashtra","Mumbai","27","519","3108","Vashi New Mumbai","1300","1600","1450"
"2019-07-05","Onion","Maharashtra","Mumbai","27","519","3108","Vashi New Mumbai","1300","1600","1450"
"2019-07-04","Onion","Maharashtra","Mumbai","27","519","3108","Vashi New Mumbai","1300","1700","1500"
"2019-07-03","Onion","Maharashtra","Mumbai","27","519","3108","Vashi New Mumbai","1200","1600","1400"
"2019-07-02","Onion","Maharashtra","Mumbai","27","519","3108","Vashi New Mumbai","1300","1600","1450"
"2019-07-01","Onion","Maharashtra","Mumbai","27","519","3108","Vashi New Mumbai","1300","1600","1450"
"2019-06-29","Onion","Maharashtra","Mumbai","27","519","3108","Vashi New Mumbai","1200","1600","1400"
"2019-06-28","Onion","Maharashtra","Mumbai","27","519","3108","Vashi New Mumbai","1200","1600","1400"
"2019-06-27","Onion","Maharashtra","Mumbai","27","519","3108","Vashi New Mumbai","1300","1600","1450"
"2019-06-26","Onion","Maharashtra","Mumbai","27","519","3108","Vashi New Mumbai","1250","1650","1450"
"2019-06-25","Onion","Maharashtra","Mumbai","27","519","3108","Vashi New Mumbai","1200","1600","1400"
"2019-06-24","Onion","Maharashtra","Mumbai","27","519","3108","Vashi New Mumbai","1300","1600","1450"
"2019-06-22","Onion","Maharashtra","Mumbai","27","519","3108","Vashi New Mumbai","1200","1600","1400"
"2019-06-21","Onion","Maharashtra","Mumbai","27","519","3108","Vashi New Mumbai","1200","1500","1350"
"2019-06-20","Onion","Maharashtra","Mumbai","27","519","3108","Vashi New Mumbai","1200","1600","1400"
"2019-06-19","Onion","Maharashtra","Mumbai","27","519","3108","Vashi New Mumbai","1200","1600","1400"
"2019-06-18","Onion","Maharashtra","Mumbai","27","519","3108","Vashi New Mumbai","1200","1600","1400"
"2019-06-17","Onion","Maharashtra","Mumbai","27","519","3108","Vashi New Mumbai","1200","1500","1350"
"2019-06-15","Onion","Maharashtra","Mumbai","27","519","3108","Vashi New Mumbai","1200","1600","1400"
"2019-06-14","Onion","Maharashtra","Mumbai","27","519","3108","Vashi New Mumbai","1200","1600","1400"
"2019-06-13","Onion","Maharashtra","Mumbai","27","519","3108","Vashi New Mumbai","1300","1700","1500"
"2019-06-12","Onion","Maharashtra","Mumbai","27","519","3108","Vashi New Mumbai","1200","1600","1400"
"2019-06-11","Onion","Maharashtra","Mumbai","27","519","3108","Vashi New Mumbai","1300","1700","1500"
"2019-06-10","Onion","Maharashtra","Mumbai","27","519","3108","Vashi New Mumbai","1300","1700","1500"
"2019-06-08","Onion","Maharashtra","Mumbai","27","519","3108","Vashi New Mumbai","1000","1600","1300"
"2019-06-07","Onion","Maharashtra","Mumbai","27","519","3108","Vashi New Mumbai","1100","1500","1300"
"2019-06-06","Onion","Maharashtra","Mumbai","27","519","3108","Vashi New Mumbai","1100","1600","1350"
"2019-06-04","Onion","Maharashtra","Mumbai","27","519","3108","Vashi New Mumbai","1000","1600","1300"
"2019-06-03","Onion","Maharashtra","Mumbai","27","519","3108","Vashi New Mumbai","1000","1500","1250"
"2019-06-01","Onion","Maharashtra","Mumbai","27","519","3108","Vashi New Mumbai","1000","1500","1250"
"2019-05-31","Onion","Maharashtra","Mumbai","27","519","3108","Vashi New Mumbai","1200","1500","1350"
"2019-05-30","Onion","Maharashtra","Mumbai","27","519","3108","Vashi New Mumbai","1200","1500","1350"
"2019-05-29","Onion","Maharashtra","Mumbai","27","519","3108","Vashi New Mumbai","1200","1500","1350"
"2019-05-28","Onion","Maharashtra","Mumbai","27","519","3108","Vashi New Mumbai","1000","1500","1250"
"2019-05-27","Onion","Maharashtra","Mumbai","27","519","3108","Vashi New Mumbai","1000","1500","1250"
"2019-05-25","Onion","Maharashtra","Mumbai","27","519","3108","Vashi New Mumbai","1000","1400","1200"
"2019-05-24","Onion","Maharashtra","Mumbai","27","519","3108","Vashi New Mumbai","900","1300","1100"
"2019-05-23","Onion","Maharashtra","Mumbai","27","519","3108","Vashi New Mumbai","900","1400","1150"
"2019-05-22","Onion","Maharashtra","Mumbai","27","519","3108","Vashi New Mumbai","900","1200","1050"
"2019-05-21","Onion","Maharashtra","Mumbai","27","519","3108","Vashi New Mumbai","900","1150","1025"
"2019-05-16","Onion","Maharashtra","Mumbai","27","519","3108","Vashi New Mumbai","850","1100","975"
"2019-05-15","Onion","Maharashtra","Mumbai","27","519","3108","Vashi New Mumbai","800","1100","950"
"2019-05-14","Onion","Maharashtra","Mumbai","27","519","3108","Vashi New Mumbai","850","1150","1000"
"2019-05-13","Onion","Maharashtra","Mumbai","27","519","3108","Vashi New Mumbai","800","1100","950"
"2019-05-11","Onion","Maharashtra","Mumbai","27","519","3108","Vashi New Mumbai","800","1100","950"
"2019-05-10","Onion","Maharashtra","Mumbai","27","519","3108","Vashi New Mumbai","800","1050","950"
"2019-05-09","Onion","Maharashtra","Mumbai","27","519","3108","Vashi New Mumbai","850","1050","950"
"2019-05-08","Onion","Maharashtra","Mumbai","27","519","3108","Vashi New Mumbai","750","950","850"
"2019-05-07","Onion","Maharashtra","Mumbai","27","519","3108","Vashi New Mumbai","700","950","825"
"2019-05-06","Onion","Maharashtra","Mumbai","27","519","3108","Vashi New Mumbai","750","950","850"
"2019-05-04","Onion","Maharashtra","Mumbai","27","519","3108","Vashi New Mumbai","850","1050","950"
"2019-05-03","Onion","Maharashtra","Mumbai","27","519","3108","Vashi New Mumbai","800","1000","900"
"2019-05-02","Onion","Maharashtra","Mumbai","27","519","3108","Vashi New Mumbai","800","1000","900"
"2019-04-30","Onion","Maharashtra","Mumbai","27","519","3108","Vashi New Mumbai","750","1100","925"
"2019-04-26","Onion","Maharashtra","Mumbai","27","519","3108","Vashi New Mumbai","700","1000","850"
"2019-04-25","Onion","Maharashtra","Mumbai","27","519","3108","Vashi New Mumbai","800","1100","950"
"2019-04-24","Onion","Maharashtra","Mumbai","27","519","3108","Vashi New Mumbai","700","1000","850"
"2019-04-22","Onion","Maharashtra","Mumbai","27","519","3108","Vashi New Mumbai","750","950","850"
"2019-04-19","Onion","Maharashtra","Mumbai","27","519","3108","Vashi New Mumbai","750","950","850"
"2019-04-18","Onion","Maharashtra","Mumbai","27","519","3108","Vashi New Mumbai","700","900","800"
"2019-04-16","Onion","Maharashtra","Mumbai","27","519","3108","Vashi New Mumbai","750","900","825"
"2019-04-15","Onion","Maharashtra","Mumbai","27","519","3108","Vashi New Mumbai","700","900","800"
"2019-04-13","Onion","Maharashtra","Mumbai","27","519","3108","Vashi New Mumbai","750","950","850"
"2019-04-12","Onion","Maharashtra","Mumbai","27","519","3108","Vashi New Mumbai","800","950","880"
"2019-04-11","Onion","Maharashtra","Mumbai","27","519","3108","Vashi New Mumbai","750","950","850"
"2019-04-10","Onion","Maharashtra","Mumbai","27","519","3108","Vashi New Mumbai","800","950","880"
"2019-04-09","Onion","Maharashtra","Mumbai","27","519","3108","Vashi New Mumbai","750","950","850"
"2019-04-08","Onion","Maharashtra","Mumbai","27","519","3108","Vashi New Mumbai","750","950","850"
"2019-04-05","Onion","Maharashtra","Mumbai","27","519","3108","Vashi New Mumbai","700","900","800"
"2019-04-04","Onion","Maharashtra","Mumbai","27","519","3108","Vashi New Mumbai","800","1000","900"
"2019-04-03","Onion","Maharashtra","Mumbai","27","519","3108","Vashi New Mumbai","750","950","850"
"2019-04-02","Onion","Maharashtra","Mumbai","27","519","3108","Vashi New Mumbai","700","900","800"
"2019-04-01","Onion","Maharashtra","Mumbai","27","519","3108","Vashi New Mumbai","650","850","750"
"2019-03-30","Onion","Maharashtra","Mumbai","27","519","3108","Vashi New Mumbai","650","850","750"
"2019-03-29","Onion","Maharashtra","Mumbai","27","519","3108","Vashi New Mumbai","650","850","750"
"2019-03-28","Onion","Maharashtra","Mumbai","27","519","3108","Vashi New Mumbai","650","850","750"
"2019-03-27","Onion","Maharashtra","Mumbai","27","519","3108","Vashi New Mumbai","700","900","800"
"2019-03-26","Onion","Maharashtra","Mumbai","27","519","3108","Vashi New Mumbai","700","900","800"
"2019-03-25","Onion","Maharashtra","Mumbai","27","519","3108","Vashi New Mumbai","700","900","800"
"2019-03-22","Onion","Maharashtra","Mumbai","27","519","3108","Vashi New Mumbai","600","800","700"
"2019-03-20","Onion","Maharashtra","Mumbai","27","519","3108","Vashi New Mumbai","550","750","650"
"2019-03-19","Onion","Maharashtra","Mumbai","27","519","3108","Vashi New Mumbai","600","800","700"
"2019-03-18","Onion","Maharashtra","Mumbai","27","519","3108","Vashi New Mumbai","550","750","650"
"2019-03-16","Onion","Maharashtra","Mumbai","27","519","3108","Vashi New Mumbai","600","800","700"
"2019-03-15","Onion","Maharashtra","Mumbai","27","519","3108","Vashi New Mumbai","600","800","700"
"2019-03-14","Onion","Maharashtra","Mumbai","27","519","3108","Vashi New Mumbai","600","800","700"
"2019-03-13","Onion","Maharashtra","Mumbai","27","519","3108","Vashi New Mumbai","650","850","750"
"2019-03-12","Onion","Maharashtra","Mumbai","27","519","3108","Vashi New Mumbai","550","850","700"
"2019-03-11","Onion","Maharashtra","Mumbai","27","519","3108","Vashi New Mumbai","600","900","750"
"2019-03-09","Onion","Maharashtra","Mumbai","27","519","3108","Vashi New Mumbai","400","700","550"
"2019-03-08","Onion","Maharashtra","Mumbai","27","519","3108","Vashi New Mumbai","450","750","600"
"2019-03-07","Onion","Maharashtra","Mumbai","27","519","3108","Vashi New Mumbai","350","650","500"
"2019-03-06","Onion","Maharashtra","Mumbai","27","519","3108","Vashi New Mumbai","300","600","450"
"2019-03-05","Onion","Maharashtra","Mumbai","27","519","3108","Vashi New Mumbai","350","650","500"
"2019-03-02","Onion","Maharashtra","Mumbai","27","519","3108","Vashi New Mumbai","350","650","500"
"2019-03-01","Onion","Maharashtra","Mumbai","27","519","3108","Vashi New Mumbai","300","600","450"
"2019-02-28","Onion","Maharashtra","Mumbai","27","519","3108","Vashi New Mumbai","300","700","500"
"2019-02-27","Onion","Maharashtra","Mumbai","27","519","3108","Vashi New Mumbai","300","600","450"
"2019-02-26","Onion","Maharashtra","Mumbai","27","519","3108","Vashi New Mumbai","350","650","500"
"2019-02-25","Onion","Maharashtra","Mumbai","27","519","3108","Vashi New Mumbai","300","700","500"
"2019-02-23","Onion","Maharashtra","Mumbai","27","519","3108","Vashi New Mumbai","350","750","550"
"2019-02-22","Onion","Maharashtra","Mumbai","27","519","3108","Vashi New Mumbai","300","700","500"
"2019-02-21","Onion","Maharashtra","Mumbai","27","519","3108","Vashi New Mumbai","300","800","550"
"2019-02-20","Onion","Maharashtra","Mumbai","27","519","3108","Vashi New Mumbai","300","700","500"
"2019-02-18","Onion","Maharashtra","Mumbai","27","519","3108","Vashi New Mumbai","300","700","500"
"2019-02-16","Onion","Maharashtra","Mumbai","27","519","3108","Vashi New Mumbai","300","700","500"
"2019-02-15","Onion","Maharashtra","Mumbai","27","519","3108","Vashi New Mumbai","300","800","550"
"2019-02-14","Onion","Maharashtra","Mumbai","27","519","3108","Vashi New Mumbai","300","700","500"
"2019-02-13","Onion","Maharashtra","Mumbai","27","519","3108","Vashi New Mumbai","300","700","550"
"2019-02-12","Onion","Maharashtra","Mumbai","27","519","3108","Vashi New Mumbai","300","800","550"
"2019-02-11","Onion","Maharashtra","Mumbai","27","519","3108","Vashi New Mumbai","300","700","500"
"2019-02-09","Onion","Maharashtra","Mumbai","27","519","3108","Vashi New Mumbai","300","800","550"
"2019-02-08","Onion","Maharashtra","Mumbai","27","519","3108","Vashi New Mumbai","300","800","550"
"2019-02-07","Onion","Maharashtra","Mumbai","27","519","3108","Vashi New Mumbai","400","800","600"
"2019-02-06","Onion","Maharashtra","Mumbai","27","519","3108","Vashi New Mumbai","300","800","550"
"2019-02-05","Onion","Maharashtra","Mumbai","27","519","3108","Vashi New Mumbai","400","900","650"
"2019-02-04","Onion","Maharashtra","Mumbai","27","519","3108","Vashi New Mumbai","300","800","550"
"2019-02-02","Onion","Maharashtra","Mumbai","27","519","3108","Vashi New Mumbai","400","800","600"
"2019-01-31","Onion","Maharashtra","Mumbai","27","519","3108","Vashi New Mumbai","300","900","600"
"2019-01-30","Onion","Maharashtra","Mumbai","27","519","3108","Vashi New Mumbai","300","800","550"
"2019-01-29","Onion","Maharashtra","Mumbai","27","519","3108","Vashi New Mumbai","400","900","650"
"2019-01-28","Onion","Maharashtra","Mumbai","27","519","3108","Vashi New Mumbai","300","800","550"
"2019-01-25","Onion","Maharashtra","Mumbai","27","519","3108","Vashi New Mumbai","300","900","600"
"2019-01-24","Onion","Maharashtra","Mumbai","27","519","3108","Vashi New Mumbai","400","1000","700"
"2019-01-23","Onion","Maharashtra","Mumbai","27","519","3108","Vashi New Mumbai","300","900","600"
"2019-01-22","Onion","Maharashtra","Mumbai","27","519","3108","Vashi New Mumbai","400","1000","700"
"2019-01-21","Onion","Maharashtra","Mumbai","27","519","3108","Vashi New Mumbai","300","900","600"
"2019-01-19","Onion","Maharashtra","Mumbai","27","519","3108","Vashi New Mumbai","400","900","650"
"2019-01-18","Onion","Maharashtra","Mumbai","27","519","3108","Vashi New Mumbai","300","900","600"
"2019-01-17","Onion","Maharashtra","Mumbai","27","519","3108","Vashi New Mumbai","400","9000","650"
"2019-01-16","Onion","Maharashtra","Mumbai","27","519","3108","Vashi New Mumbai","300","900","600"
"2019-01-15","Onion","Maharashtra","Mumbai","27","519","3108","Vashi New Mumbai","400","1000","700"
"2019-01-14","Onion","Maharashtra","Mumbai","27","519","3108","Vashi New Mumbai","300","900","600"
"2019-01-12","Onion","Maharashtra","Mumbai","27","519","3108","Vashi New Mumbai","400","800","600"
"2019-01-11","Onion","Maharashtra","Mumbai","27","519","3108","Vashi New Mumbai","300","800","550"
"2019-01-10","Onion","Maharashtra","Mumbai","27","519","3108","Vashi New Mumbai","400","1000","700"
"2019-01-09","Onion","Maharashtra","Mumbai","27","519","3108","Vashi New Mumbai","300","900","600"
"2019-01-08","Onion","Maharashtra","Mumbai","27","519","3108","Vashi New Mumbai","400","1000","700"
"2019-01-07","Onion","Maharashtra","Mumbai","27","519","3108","Vashi New Mumbai","300","900","600"
"2019-01-05","Onion","Maharashtra","Mumbai","27","519","3108","Vashi New Mumbai","400","1000","700"
"2019-01-04","Onion","Maharashtra","Mumbai","27","519","3108","Vashi New Mumbai","500","1100","800"
"2019-01-03","Onion","Maharashtra","Mumbai","27","519","3108","Vashi New Mumbai","400","1200","800"
"2019-01-02","Onion","Maharashtra","Mumbai","27","519","3108","Vashi New Mumbai","300","1200","750"
"2019-01-01","Onion","Maharashtra","Mumbai","27","519","3108","Vashi New Mumbai","400","1300","850"
"2018-12-31","Onion","Maharashtra","Mumbai","27","519","3108","Vashi New Mumbai","300","1200","750"
"2018-12-29","Onion","Maharashtra","Mumbai","27","519","3108","Vashi New Mumbai","600","1100","850"
"2018-12-28","Onion","Maharashtra","Mumbai","27","519","3108","Vashi New Mumbai","500","1000","750"
"2018-12-27","Onion","Maharashtra","Mumbai","27","519","3108","Vashi New Mumbai","600","1000","800"
"2018-12-26","Onion","Maharashtra","Mumbai","27","519","3108","Vashi New Mumbai","500","1000","750"
"2018-12-25","Onion","Maharashtra","Mumbai","27","519","3108","Vashi New Mumbai","500","1000","750"
"2018-12-24","Onion","Maharashtra","Mumbai","27","519","3108","Vashi New Mumbai","500","1000","750"
"2018-12-22","Onion","Maharashtra","Mumbai","27","519","3108","Vashi New Mumbai","500","1000","750"
"2018-12-21","Onion","Maharashtra","Mumbai","27","519","3108","Vashi New Mumbai","400","1000","700"
"2018-12-20","Onion","Maharashtra","Mumbai","27","519","3108","Vashi New Mumbai","300","1100","700"
"2018-12-19","Onion","Maharashtra","Mumbai","27","519","3108","Vashi New Mumbai","400","1200","800"
"2018-12-18","Onion","Maharashtra","Mumbai","27","519","3108","Vashi New Mumbai","300","1100","700"
"2018-12-17","Onion","Maharashtra","Mumbai","27","519","3108","Vashi New Mumbai","400","1000","700"
"2018-12-15","Onion","Maharashtra","Mumbai","27","519","3108","Vashi New Mumbai","300","1100","700"
"2018-12-14","Onion","Maharashtra","Mumbai","27","519","3108","Vashi New Mumbai","400","1100","750"
"2018-12-13","Onion","Maharashtra","Mumbai","27","519","3108","Vashi New Mumbai","500","1200","850"
"2018-12-12","Onion","Maharashtra","Mumbai","27","519","3108","Vashi New Mumbai","400","1100","750"
"2018-12-11","Onion","Maharashtra","Mumbai","27","519","3108","Vashi New Mumbai","600","1200","900"
"2018-12-10","Onion","Maharashtra","Mumbai","27","519","3108","Vashi New Mumbai","500","1100","800"
"2018-12-08","Onion","Maharashtra","Mumbai","27","519","3108","Vashi New Mumbai","600","1200","900"
"2018-12-07","Onion","Maharashtra","Mumbai","27","519","3108","Vashi New Mumbai","500","1100","800"
"2018-12-06","Onion","Maharashtra","Mumbai","27","519","3108","Vashi New Mumbai","600","1200","900"
"2018-12-05","Onion","Maharashtra","Mumbai","27","519","3108","Vashi New Mumbai","500","1100","800"
"2018-12-04","Onion","Maharashtra","Mumbai","27","519","3108","Vashi New Mumbai","400","1200","800"
"2018-12-03","Onion","Maharashtra","Mumbai","27","519","3108","Vashi New Mumbai","500","1300","900"
"2018-12-01","Onion","Maharashtra","Mumbai","27","519","3108","Vashi New Mumbai","500","1500","1000"
"2018-11-30","Onion","Maharashtra","Mumbai","27","519","3108","Vashi New Mumbai","600","1100","850"
"2018-11-29","Onion","Maharashtra","Mumbai","27","519","3108","Vashi New Mumbai","500","1600","1050"
"2018-11-26","Onion","Maharashtra","Mumbai","27","519","3108","Vashi New Mumbai","500","1100","800"
"2018-11-24","Onion","Maharashtra","Mumbai","27","519","3108","Vashi New Mumbai","400","1200","800"
"2018-11-22","Onion","Maharashtra","Mumbai","27","519","3108","Vashi New Mumbai","500","1200","800"
"2018-11-20","Onion","Maharashtra","Mumbai","27","519","3108","Vashi New Mumbai","600","1400","1000"
"2018-11-19","Onion","Maharashtra","Mumbai","27","519","3108","Vashi New Mumbai","700","1300","1000"
"2018-11-17","Onion","Maharashtra","Mumbai","27","519","3108","Vashi New Mumbai","900","1600","1250"
"2018-11-16","Onion","Maharashtra","Mumbai","27","519","3108","Vashi New Mumbai","1000","1600","1300"
"2018-11-15","Onion","Maharashtra","Mumbai","27","519","3108","Vashi New Mumbai","900","1500","1200"
"2018-11-14","Onion","Maharashtra","Mumbai","27","519","3108","Vashi New Mumbai","1100","1800","1450"
"2018-11-13","Onion","Maharashtra","Mumbai","27","519","3108","Vashi New Mumbai","1000","1800","1400"
"2018-11-12","Onion","Maharashtra","Mumbai","27","519","3108","Vashi New Mumbai","1100","1900","1500"
"2018-11-10","Onion","Maharashtra","Mumbai","27","519","3108","Vashi New Mumbai","1000","1800","1400"
"2018-11-05","Onion","Maharashtra","Mumbai","27","519","3108","Vashi New Mumbai","1000","1800","1400"
"2018-11-03","Onion","Maharashtra","Mumbai","27","519","3108","Vashi New Mumbai","1000","2000","1500"
"2018-11-02","Onion","Maharashtra","Mumbai","27","519","3108","Vashi New Mumbai","1200","2000","1600"
"2018-11-01","Onion","Maharashtra","Mumbai","27","519","3108","Vashi New Mumbai","1000","1400","1200"
"2018-10-31","Onion","Maharashtra","Mumbai","27","519","3108","Vashi New Mumbai","1000","2000","1500"
"2018-10-30","Onion","Maharashtra","Mumbai","27","519","3108","Vashi New Mumbai","1200","2200","1700"
"2018-10-29","Onion","Maharashtra","Mumbai","27","519","3108","Vashi New Mumbai","1100","2100","1600"
"2018-10-27","Onion","Maharashtra","Mumbai","27","519","3108","Vashi New Mumbai","1300","2300","1800"
"2018-10-26","Onion","Maharashtra","Mumbai","27","519","3108","Vashi New Mumbai","1500","2100","1800"
"2018-10-25","Onion","Maharashtra","Mumbai","27","519","3108","Vashi New Mumbai","1700","2300","2000"
"2018-10-24","Onion","Maharashtra","Mumbai","27","519","3108","Vashi New Mumbai","1500","2100","1800"
"2018-10-23","Onion","Maharashtra","Mumbai","27","519","3108","Vashi New Mumbai","1600","2200","1900"
"2018-10-22","Onion","Maharashtra","Mumbai","27","519","3108","Vashi New Mumbai","1700","2300","2000"
"2018-10-20","Onion","Maharashtra","Mumbai","27","519","3108","Vashi New Mumbai","1600","2400","2000"
"2018-10-19","Onion","Maharashtra","Mumbai","27","519","3108","Vashi New Mumbai","1600","2400","2000"
"2018-10-17","Onion","Maharashtra","Mumbai","27","519","3108","Vashi New Mumbai","1700","2300","2000"
"2018-10-16","Onion","Maharashtra","Mumbai","27","519","3108","Vashi New Mumbai","1400","1800","1600"
"2018-10-15","Onion","Maharashtra","Mumbai","27","519","3108","Vashi New Mumbai","1500","1900","1700"
"2018-10-13","Onion","Maharashtra","Mumbai","27","519","3108","Vashi New Mumbai","1200","1600","1400"
"2018-10-11","Onion","Maharashtra","Mumbai","27","519","3108","Vashi New Mumbai","1000","1400","1200"
"2018-10-10","Onion","Maharashtra","Mumbai","27","519","3108","Vashi New Mumbai","1200","1600","1400"
"2018-10-09","Onion","Maharashtra","Mumbai","27","519","3108","Vashi New Mumbai","1100","1500","1300"
"2018-10-08","Onion","Maharashtra","Mumbai","27","519","3108","Vashi New Mumbai","1000","1400","1200"
"2018-10-06","Onion","Maharashtra","Mumbai","27","519","3108","Vashi New Mumbai","800","1200","1000"
"2018-10-05","Onion","Maharashtra","Mumbai","27","519","3108","Vashi New Mumbai","900","1300","1100"
"2018-10-04","Onion","Maharashtra","Mumbai","27","519","3108","Vashi New Mumbai","800","1200","1000"
"2018-10-03","Onion","Maharashtra","Mumbai","27","519","3108","Vashi New Mumbai","900","1300","1100"
"2018-10-02","Onion","Maharashtra","Mumbai","27","519","3108","Vashi New Mumbai","1000","1400","1200"
"2018-10-01","Onion","Maharashtra","Mumbai","27","519","3108","Vashi New Mumbai","1000","1400","1200"
"2018-09-29","Onion","Maharashtra","Mumbai","27","519","3108","Vashi New Mumbai","900","1300","1100"
"2018-09-28","Onion","Maharashtra","Mumbai","27","519","3108","Vashi New Mumbai","1000","1200","1100"
"2018-09-27","Onion","Maharashtra","Mumbai","27","519","3108","Vashi New Mumbai","800","1200","1000"
"2018-09-26","Onion","Maharashtra","Mumbai","27","519","3108","Vashi New Mumbai","700","1100","900"
"2018-09-24","Onion","Maharashtra","Mumbai","27","519","3108","Vashi New Mumbai","800","1000","900"
"2018-09-22","Onion","Maharashtra","Mumbai","27","519","3108","Vashi New Mumbai","700","900","800"
"2018-09-20","Onion","Maharashtra","Mumbai","27","519","3108","Vashi New Mumbai","800","1000","900"
"2018-09-19","Onion","Maharashtra","Mumbai","27","519","3108","Vashi New Mumbai","800","1000","900"
"2018-09-18","Onion","Maharashtra","Mumbai","27","519","3108","Vashi New Mumbai","800","1000","900"
"2018-09-17","Onion","Maharashtra","Mumbai","27","519","3108","Vashi New Mumbai","700","900","800"
"2018-09-15","Onion","Maharashtra","Mumbai","27","519","3108","Vashi New Mumbai","800","1000","900"
"2018-09-14","Onion","Maharashtra","Mumbai","27","519","3108","Vashi New Mumbai","800","1200","1000"
"2018-09-12","Onion","Maharashtra","Mumbai","27","519","3108","Vashi New Mumbai","800","1200","1000"
"2018-09-11","Onion","Maharashtra","Mumbai","27","519","3108","Vashi New Mumbai","800","1200","1000"
"2018-09-10","Onion","Maharashtra","Mumbai","27","519","3108","Vashi New Mumbai","700","1100","900"
"2018-09-08","Onion","Maharashtra","Mumbai","27","519","3108","Vashi New Mumbai","600","1000","800"
"2018-09-07","Onion","Maharashtra","Mumbai","27","519","3108","Vashi New Mumbai","600","1000","800"
"2018-09-06","Onion","Maharashtra","Mumbai","27","519","3108","Vashi New Mumbai","700","1100","900"
"2018-09-05","Onion","Maharashtra","Mumbai","27","519","3108","Vashi New Mumbai","800","1200","1000"
"2018-09-04","Onion","Maharashtra","Mumbai","27","519","3108","Vashi New Mumbai","600","1000","800"
"2018-09-01","Onion","Maharashtra","Mumbai","27","519","3108","Vashi New Mumbai","700","1100","900"
"2018-08-31","Onion","Maharashtra","Mumbai","27","519","3108","Vashi New Mumbai","800","1200","1000"
"2018-08-30","Onion","Maharashtra","Mumbai","27","519","3108","Vashi New Mumbai","900","1300","1100"
"2018-08-29","Onion","Maharashtra","Mumbai","27","519","3108","Vashi New Mumbai","1000","1400","1200"
"2018-08-28","Onion","Maharashtra","Mumbai","27","519","3108","Vashi New Mumbai","1300","1700","1500"
"2018-08-27","Onion","Maharashtra","Mumbai","27","519","3108","Vashi New Mumbai","1200","1600","1400"
"2018-08-25","Onion","Maharashtra","Mumbai","27","519","3108","Vashi New Mumbai","1100","1500","1300"
"2018-08-24","Onion","Maharashtra","Mumbai","27","519","3108","Vashi New Mumbai","1300","1700","1500"
"2018-08-23","Onion","Maharashtra","Mumbai","27","519","3108","Vashi New Mumbai","1200","1600","1400"
"2018-08-21","Onion","Maharashtra","Mumbai","27","519","3108","Vashi New Mumbai","1100","1500","1300"
"2018-08-20","Onion","Maharashtra","Mumbai","27","519","3108","Vashi New Mumbai","900","1300","1100"
"2018-08-18","Onion","Maharashtra","Mumbai","27","519","3108","Vashi New Mumbai","1000","1400","1200"
"2018-08-17","Onion","Maharashtra","Mumbai","27","519","3108","Vashi New Mumbai","1100","1400","1250"
"2018-08-16","Onion","Maharashtra","Mumbai","27","519","3108","Vashi New Mumbai","1000","1300","1150"
"2018-08-14","Onion","Maharashtra","Mumbai","27","519","3108","Vashi New Mumbai","1100","1300","1200"
"2018-08-13","Onion","Maharashtra","Mumbai","27","519","3108","Vashi New Mumbai","1000","1200","1100"
"2018-08-11","Onion","Maharashtra","Mumbai","27","519","3108","Vashi New Mumbai","1000","1300","1150"
"2018-08-10","Onion","Maharashtra","Mumbai","27","519","3108","Vashi New Mumbai","1000","1250","1125"
"2018-08-08","Onion","Maharashtra","Mumbai","27","519","3108","Vashi New Mumbai","1000","1250","1125"
"2018-08-07","Onion","Maharashtra","Mumbai","27","519","3108","Vashi New Mumbai","1000","1300","1150"
"2018-08-06","Onion","Maharashtra","Mumbai","27","519","3108","Vashi New Mumbai","1000","1300","1150"
"2018-08-04","Onion","Maharashtra","Mumbai","27","519","3108","Vashi New Mumbai","1150","1350","1250"
"2018-08-03","Onion","Maharashtra","Mumbai","27","519","3108","Vashi New Mumbai","1100","1350","1225"
"2018-08-02","Onion","Maharashtra","Mumbai","27","519","3108","Vashi New Mumbai","1100","1350","1225"
"2018-08-01","Onion","Maharashtra","Mumbai","27","519","3108","Vashi New Mumbai","1050","1350","1200"
"2018-07-31","Onion","Maharashtra","Mumbai","27","519","3108","Vashi New Mumbai","1000","1400","1200"
"2018-07-30","Onion","Maharashtra","Mumbai","27","519","3108","Vashi New Mumbai","1150","1450","1250"
"2018-07-28","Onion","Maharashtra","Mumbai","27","519","3108","Vashi New Mumbai","1050","1450","1250"
"2018-07-27","Onion","Maharashtra","Mumbai","27","519","3108","Vashi New Mumbai","1100","1450","1275"
"2018-07-26","Onion","Maharashtra","Mumbai","27","519","3108","Vashi New Mumbai","1100","1450","1275"
"2018-07-24","Onion","Maharashtra","Mumbai","27","519","3108","Vashi New Mumbai","1050","1450","1250"
"2018-07-23","Onion","Maharashtra","Mumbai","27","519","3108","Vashi New Mumbai","1050","1450","1250"
"2018-07-21","Onion","Maharashtra","Mumbai","27","519","3108","Vashi New Mumbai","1000","1400","1250"
"2018-07-20","Onion","Maharashtra","Mumbai","27","519","3108","Vashi New Mumbai","1000","1400","1200"
"2018-07-19","Onion","Maharashtra","Mumbai","27","519","3108","Vashi New Mumbai","1050","1450","1250"
"2018-07-18","Onion","Maharashtra","Mumbai","27","519","3108","Vashi New Mumbai","1000","1400","1200"
"2018-07-17","Onion","Maharashtra","Mumbai","27","519","3108","Vashi New Mumbai","1100","1450","1225"
"2018-07-16","Onion","Maharashtra","Mumbai","27","519","3108","Vashi New Mumbai","1100","1400","1250"
"2018-07-14","Onion","Maharashtra","Mumbai","27","519","3108","Vashi New Mumbai","1150","1500","1325"
"2018-07-13","Onion","Maharashtra","Mumbai","27","519","3108","Vashi New Mumbai","1100","1500","1300"
"2018-07-12","Onion","Maharashtra","Mumbai","27","519","3108","Vashi New Mumbai","1100","1500","1300"
"2018-07-11","Onion","Maharashtra","Mumbai","27","519","3108","Vashi New Mumbai","1150","1450","1300"
"2018-07-10","Onion","Maharashtra","Mumbai","27","519","3108","Vashi New Mumbai","1150","1450","1300"
"2018-07-09","Onion","Maharashtra","Mumbai","27","519","3108","Vashi New Mumbai","900","1300","1100"
"2018-07-07","Onion","Maharashtra","Mumbai","27","519","3108","Vashi New Mumbai","1050","1350","1200"
"2018-07-06","Onion","Maharashtra","Mumbai","27","519","3108","Vashi New Mumbai","1000","1400","1200"
"2018-07-05","Onion","Maharashtra","Mumbai","27","519","3108","Vashi New Mumbai","1000","1350","1175"
"2018-07-04","Onion","Maharashtra","Mumbai","27","519","3108","Vashi New Mumbai","1100","1500","1300"
"2018-07-03","Onion","Maharashtra","Mumbai","27","519","3108","Vashi New Mumbai","1200","1500","1350"
"2018-07-02","Onion","Maharashtra","Mumbai","27","519","3108","Vashi New Mumbai","1200","1600","1400"
"2018-06-30","Onion","Maharashtra","Mumbai","27","519","3108","Vashi New Mumbai","1000","1500","1250"
"2018-06-29","Onion","Maharashtra","Mumbai","27","519","3108","Vashi New Mumbai","1000","1350","1175"
"2018-06-28","Onion","Maharashtra","Mumbai","27","519","3108","Vashi New Mumbai","1000","1350","1175"
"2018-06-27","Onion","Maharashtra","Mumbai","27","519","3108","Vashi New Mumbai","950","1250","1100"
"2018-06-26","Onion","Maharashtra","Mumbai","27","519","3108","Vashi New Mumbai","1000","1300","1150"
"2018-06-25","Onion","Maharashtra","Mumbai","27","519","3108","Vashi New Mumbai","900","1300","1100"
"2018-06-23","Onion","Maharashtra","Mumbai","27","519","3108","Vashi New Mumbai","900","1300","1100"
"2018-06-22","Onion","Maharashtra","Mumbai","27","519","3108","Vashi New Mumbai","1000","1400","1200"
"2018-06-21","Onion","Maharashtra","Mumbai","27","519","3108","Vashi New Mumbai","900","1300","1100"
"2018-06-20","Onion","Maharashtra","Mumbai","27","519","3108","Vashi New Mumbai","900","1300","1100"
"2018-06-19","Onion","Maharashtra","Mumbai","27","519","3108","Vashi New Mumbai","900","1300","1100"
"2018-06-18","Onion","Maharashtra","Mumbai","27","519","3108","Vashi New Mumbai","900","1300","1100"
"2018-06-15","Onion","Maharashtra","Mumbai","27","519","3108","Vashi New Mumbai","900","1200","1050"
"2018-06-14","Onion","Maharashtra","Mumbai","27","519","3108","Vashi New Mumbai","900","1300","1100"
"2018-06-13","Onion","Maharashtra","Mumbai","27","519","3108","Vashi New Mumbai","900","1200","1050"
"2018-06-12","Onion","Maharashtra","Mumbai","27","519","3108","Vashi New Mumbai","900","1200","1050"
"2018-06-11","Onion","Maharashtra","Mumbai","27","519","3108","Vashi New Mumbai","900","2000","1450"
"2018-06-09","Onion","Maharashtra","Mumbai","27","519","3108","Vashi New Mumbai","900","1200","1050"
"2018-06-08","Onion","Maharashtra","Mumbai","27","519","3108","Vashi New Mumbai","900","1200","1050"
"2018-06-07","Onion","Maharashtra","Mumbai","27","519","3108","Vashi New Mumbai","950","1250","1100"
"2018-06-06","Onion","Maharashtra","Mumbai","27","519","3108","Vashi New Mumbai","950","1200","1075"
"2018-06-05","Onion","Maharashtra","Mumbai","27","519","3108","Vashi New Mumbai","900","1200","1050"
"2018-06-04","Onion","Maharashtra","Mumbai","27","519","3108","Vashi New Mumbai","900","1200","1050"
"2018-06-02","Onion","Maharashtra","Mumbai","27","519","3108","Vashi New Mumbai","900","1200","1050"
"2018-06-01","Onion","Maharashtra","Mumbai","27","519","3108","Vashi New Mumbai","800","1200","1000"
"2018-05-31","Onion","Maharashtra","Mumbai","27","519","3108","Vashi New Mumbai","800","1200","1000"
"2018-05-30","Onion","Maharashtra","Mumbai","27","519","3108","Vashi New Mumbai","800","1100","950"
"2018-05-29","Onion","Maharashtra","Mumbai","27","519","3108","Vashi New Mumbai","750","1150","950"
"2018-05-28","Onion","Maharashtra","Mumbai","27","519","3108","Vashi New Mumbai","700","1100","900"
"2018-05-26","Onion","Maharashtra","Mumbai","27","519","3108","Vashi New Mumbai","700","1000","850"
"2018-05-25","Onion","Maharashtra","Mumbai","27","519","3108","Vashi New Mumbai","700","1000","850"
"2018-05-24","Onion","Maharashtra","Mumbai","27","519","3108","Vashi New Mumbai","700","1000","850"
"2018-05-23","Onion","Maharashtra","Mumbai","27","519","3108","Vashi New Mumbai","700","1000","850"
"2018-05-22","Onion","Maharashtra","Mumbai","27","519","3108","Vashi New Mumbai","700","1000","850"
"2018-05-21","Onion","Maharashtra","Mumbai","27","519","3108","Vashi New Mumbai","700","1000","850"
"2018-05-19","Onion","Maharashtra","Mumbai","27","519","3108","Vashi New Mumbai","700","1000","850"
"2018-05-18","Onion","Maharashtra","Mumbai","27","519","3108","Vashi New Mumbai","700","1000","850"
"2018-05-17","Onion","Maharashtra","Mumbai","27","519","3108","Vashi New Mumbai","700","1000","850"
"2018-05-16","Onion","Maharashtra","Mumbai","27","519","3108","Vashi New Mumbai","700","1000","850"
"2018-05-15","Onion","Maharashtra","Mumbai","27","519","3108","Vashi New Mumbai","700","1100","900"
"2018-05-14","Onion","Maharashtra","Mumbai","27","519","3108","Vashi New Mumbai","700","1100","900"
"2018-05-12","Onion","Maharashtra","Mumbai","27","519","3108","Vashi New Mumbai","700","1000","850"
"2018-05-11","Onion","Maharashtra","Mumbai","27","519","3108","Vashi New Mumbai","700","1100","850"
"2018-05-10","Onion","Maharashtra","Mumbai","27","519","3108","Vashi New Mumbai","700","1000","850"
"2018-05-09","Onion","Maharashtra","Mumbai","27","519","3108","Vashi New Mumbai","700","1000","850"
"2018-05-08","Onion","Maharashtra","Mumbai","27","519","3108","Vashi New Mumbai","700","1000","850"
"2018-05-07","Onion","Maharashtra","Mumbai","27","519","3108","Vashi New Mumbai","700","950","850"
"2018-05-05","Onion","Maharashtra","Mumbai","27","519","3108","Vashi New Mumbai","800","1200","1000"
"2018-05-04","Onion","Maharashtra","Mumbai","27","519","3108","Vashi New Mumbai","800","1200","1000"
"2018-05-03","Onion","Maharashtra","Mumbai","27","519","3108","Vashi New Mumbai","900","1200","1050"
"2018-05-02","Onion","Maharashtra","Mumbai","27","519","3108","Vashi New Mumbai","900","1100","1000"
"2018-04-30","Onion","Maharashtra","Mumbai","27","519","3108","Vashi New Mumbai","950","1150","1050"
"2018-04-27","Onion","Maharashtra","Mumbai","27","519","3108","Vashi New Mumbai","900","1100","1000"
"2018-04-26","Onion","Maharashtra","Mumbai","27","519","3108","Vashi New Mumbai","900","1100","1000"
"2018-04-25","Onion","Maharashtra","Mumbai","27","519","3108","Vashi New Mumbai","950","1150","1100"
"2018-04-24","Onion","Maharashtra","Mumbai","27","519","3108","Vashi New Mumbai","900","1200","1050"
"2018-04-23","Onion","Maharashtra","Mumbai","27","519","3108","Vashi New Mumbai","900","1200","1050"
"2018-04-21","Onion","Maharashtra","Mumbai","27","519","3108","Vashi New Mumbai","900","1200","1050"
"2018-04-20","Onion","Maharashtra","Mumbai","27","519","3108","Vashi New Mumbai","900","1100","1000"
"2018-04-19","Onion","Maharashtra","Mumbai","27","519","3108","Vashi New Mumbai","900","1100","1000"
"2018-04-18","Onion","Maharashtra","Mumbai","27","519","3108","Vashi New Mumbai","900","1100","1000"
"2018-04-17","Onion","Maharashtra","Mumbai","27","519","3108","Vashi New Mumbai","900","1100","1000"
"2018-04-16","Onion","Maharashtra","Mumbai","27","519","3108","Vashi New Mumbai","900","1100","1000"
"2018-04-14","Onion","Maharashtra","Mumbai","27","519","3108","Vashi New Mumbai","900","1200","1050"
"2018-04-13","Onion","Maharashtra","Mumbai","27","519","3108","Vashi New Mumbai","900","1200","1050"
"2018-04-12","Onion","Maharashtra","Mumbai","27","519","3108","Vashi New Mumbai","900","1200","1050"
"2018-04-11","Onion","Maharashtra","Mumbai","27","519","3108","Vashi New Mumbai","900","1200","1050"
"2018-04-10","Onion","Maharashtra","Mumbai","27","519","3108","Vashi New Mumbai","900","1200","1100"
"2018-04-09","Onion","Maharashtra","Mumbai","27","519","3108","Vashi New Mumbai","900","1200","1050"
"2018-04-07","Onion","Maharashtra","Mumbai","27","519","3108","Vashi New Mumbai","900","1200","1050"
"2018-04-06","Onion","Maharashtra","Mumbai","27","519","3108","Vashi New Mumbai","900","1200","1050"
"2018-04-05","Onion","Maharashtra","Mumbai","27","519","3108","Vashi New Mumbai","900","1100","1000"
"2018-04-04","Onion","Maharashtra","Mumbai","27","519","3108","Vashi New Mumbai","900","1200","1050"
"2018-04-03","Onion","Maharashtra","Mumbai","27","519","3108","Vashi New Mumbai","900","1200","1050"
"2018-04-02","Onion","Maharashtra","Mumbai","27","519","3108","Vashi New Mumbai","900","1200","1050"
"2018-03-31","Onion","Maharashtra","Mumbai","27","519","3108","Vashi New Mumbai","900","1200","1050"
"2018-03-30","Onion","Maharashtra","Mumbai","27","519","3108","Vashi New Mumbai","1000","1300","1150"
"2018-03-28","Onion","Maharashtra","Mumbai","27","519","3108","Vashi New Mumbai","900","1300","1100"
"2018-03-26","Onion","Maharashtra","Mumbai","27","519","3108","Vashi New Mumbai","900","1300","1100"
"2018-03-24","Onion","Maharashtra","Mumbai","27","519","3108","Vashi New Mumbai","900","1300","1100"
"2018-03-22","Onion","Maharashtra","Mumbai","27","519","3108","Vashi New Mumbai","950","1300","1125"
"2018-03-21","Onion","Maharashtra","Mumbai","27","519","3108","Vashi New Mumbai","1000","1300","1150"
"2018-03-20","Onion","Maharashtra","Mumbai","27","519","3108","Vashi New Mumbai","1000","1300","1150"
"2018-03-19","Onion","Maharashtra","Mumbai","27","519","3108","Vashi New Mumbai","900","1200","1050"
"2018-03-17","Onion","Maharashtra","Mumbai","27","519","3108","Vashi New Mumbai","900","1200","1050"
"2018-03-16","Onion","Maharashtra","Mumbai","27","519","3108","Vashi New Mumbai","900","1200","1050"
"2018-03-15","Onion","Maharashtra","Mumbai","27","519","3108","Vashi New Mumbai","900","1300","1100"
"2018-03-14","Onion","Maharashtra","Mumbai","27","519","3108","Vashi New Mumbai","1000","1400","1200"
"2018-03-13","Onion","Maharashtra","Mumbai","27","519","3108","Vashi New Mumbai","1000","1300","1150"
"2018-03-12","Onion","Maharashtra","Mumbai","27","519","3108","Vashi New Mumbai","800","1200","1000"
"2018-03-10","Onion","Maharashtra","Mumbai","27","519","3108","Vashi New Mumbai","1000","1400","1200"
"2018-03-09","Onion","Maharashtra","Mumbai","27","519","3108","Vashi New Mumbai","1000","1300","1150"
"2018-03-08","Onion","Maharashtra","Mumbai","27","519","3108","Vashi New Mumbai","1000","1300","1150"
"2018-03-07","Onion","Maharashtra","Mumbai","27","519","3108","Vashi New Mumbai","1000","1300","1150"
"2018-03-05","Onion","Maharashtra","Mumbai","27","519","3108","Vashi New Mumbai","1000","1400","1250"
"2018-03-03","Onion","Maharashtra","Mumbai","27","519","3108","Vashi New Mumbai","1000","1400","1200"
"2018-03-01","Onion","Maharashtra","Mumbai","27","519","3108","Vashi New Mumbai","1000","1400","1200"
"2018-02-28","Onion","Maharashtra","Mumbai","27","519","3108","Vashi New Mumbai","1000","1400","1200"
"2018-02-27","Onion","Maharashtra","Mumbai","27","519","3108","Vashi New Mumbai","900","1400","1150"
"2018-02-26","Onion","Maharashtra","Mumbai","27","519","3108","Vashi New Mumbai","1500","2000","1750"
"2018-02-24","Onion","Maharashtra","Mumbai","27","519","3108","Vashi New Mumbai","1500","2000","1750"
"2018-02-23","Onion","Maharashtra","Mumbai","27","519","3108","Vashi New Mumbai","1500","2000","1750"
"2018-02-22","Onion","Maharashtra","Mumbai","27","519","3108","Vashi New Mumbai","1500","2000","1750"
"2018-02-21","Onion","Maharashtra","Mumbai","27","519","3108","Vashi New Mumbai","1500","2000","1750"
"2018-02-20","Onion","Maharashtra","Mumbai","27","519","3108","Vashi New Mumbai","1500","2000","1750"
"2018-02-17","Onion","Maharashtra","Mumbai","27","519","3108","Vashi New Mumbai","1500","2000","1750"
"2018-02-16","Onion","Maharashtra","Mumbai","27","519","3108","Vashi New Mumbai","1600","2100","1850"
"2018-02-15","Onion","Maharashtra","Mumbai","27","519","3108","Vashi New Mumbai","1700","2000","1850"
"2018-02-14","Onion","Maharashtra","Mumbai","27","519","3108","Vashi New Mumbai","1500","2000","1800"
"2018-02-12","Onion","Maharashtra","Mumbai","27","519","3108","Vashi New Mumbai","1700","2100","1900"
"2018-02-10","Onion","Maharashtra","Mumbai","27","519","3108","Vashi New Mumbai","1700","2200","1950"
"2018-02-09","Onion","Maharashtra","Mumbai","27","519","3108","Vashi New Mumbai","1600","2200","1900"
"2018-02-08","Onion","Maharashtra","Mumbai","27","519","3108","Vashi New Mumbai","1600","2200","1900"
"2018-02-07","Onion","Maharashtra","Mumbai","27","519","3108","Vashi New Mumbai","1800","2200","2000"
"2018-02-06","Onion","Maharashtra","Mumbai","27","519","3108","Vashi New Mumbai","2000","2500","2250"
"2018-02-05","Onion","Maharashtra","Mumbai","27","519","3108","Vashi New Mumbai","2000","2500","2250"
"2018-02-03","Onion","Maharashtra","Mumbai","27","519","3108","Vashi New Mumbai","1200","2000","1600"
"2018-02-02","Onion","Maharashtra","Mumbai","27","519","3108","Vashi New Mumbai","1400","2000","1700"
"2018-02-01","Onion","Maharashtra","Mumbai","27","519","3108","Vashi New Mumbai","1800","2200","2000"
"2018-01-31","Onion","Maharashtra","Mumbai","27","519","3108","Vashi New Mumbai","1800","2200","2000"
"2018-01-29","Onion","Maharashtra","Mumbai","27","519","3108","Vashi New Mumbai","2200","2600","2400"
"2018-01-27","Onion","Maharashtra","Mumbai","27","519","3108","Vashi New Mumbai","2000","2500","2250"
"2018-01-25","Onion","Maharashtra","Mumbai","27","519","3108","Vashi New Mumbai","2600","3000","2800"
"2018-01-24","Onion","Maharashtra","Mumbai","27","519","3108","Vashi New Mumbai","2600","3000","2800"
"2018-01-23","Onion","Maharashtra","Mumbai","27","519","3108","Vashi New Mumbai","2300","3000","2650"
"2018-01-22","Onion","Maharashtra","Mumbai","27","519","3108","Vashi New Mumbai","2500","3000","2750"
"2018-01-20","Onion","Maharashtra","Mumbai","27","519","3108","Vashi New Mumbai","2500","3200","2850"
"2018-01-19","Onion","Maharashtra","Mumbai","27","519","3108","Vashi New Mumbai","2500","3200","2850"
"2018-01-18","Onion","Maharashtra","Mumbai","27","519","3108","Vashi New Mumbai","2500","3400","2950"
"2018-01-17","Onion","Maharashtra","Mumbai","27","519","3108","Vashi New Mumbai","2500","3200","2850"
"2018-01-16","Onion","Maharashtra","Mumbai","27","519","3108","Vashi New Mumbai","2600","3300","2950"
"2018-01-15","Onion","Maharashtra","Mumbai","27","519","3108","Vashi New Mumbai","2400","3300","2850"
"2018-01-12","Onion","Maharashtra","Mumbai","27","519","3108","Vashi New Mumbai","2400","3000","2700"
"2018-01-11","Onion","Maharashtra","Mumbai","27","519","3108","Vashi New Mumbai","3000","3600","3300"
"2018-01-10","Onion","Maharashtra","Mumbai","27","519","3108","Vashi New Mumbai","3000","3600","3300"
"2018-01-09","Onion","Maharashtra","Mumbai","27","519","3108","Vashi New Mumbai","3000","3600","3300"
"2018-01-08","Onion","Maharashtra","Mumbai","27","519","3108","Vashi New Mumbai","3000","4000","3500"
"2018-01-06","Onion","Maharashtra","Mumbai","27","519","3108","Vashi New Mumbai","3200","4000","3600"
"2018-01-05","Onion","Maharashtra","Mumbai","27","519","3108","Vashi New Mumbai","3200","4000","3600"
"2018-01-04","Onion","Maharashtra","Mumbai","27","519","3108","Vashi New Mumbai","2500","3800","3150"
"2018-01-03","Onion","Maharashtra","Mumbai","27","519","3108","Vashi New Mumbai","3000","3800","3400"
"2018-01-02","Onion","Maharashtra","Mumbai","27","519","3108","Vashi New Mumbai","3000","3800","3400"
"2018-01-01","Onion","Maharashtra","Mumbai","27","519","3108","Vashi New Mumbai","3000","3600","3300"
"2017-12-30","Onion","Maharashtra","Mumbai","27","519","3108","Vashi New Mumbai","2700","3300","3000"
"2017-12-29","Onion","Maharashtra","Mumbai","27","519","3108","Vashi New Mumbai","2800","3600","3200"
"2017-12-28","Onion","Maharashtra","Mumbai","27","519","3108","Vashi New Mumbai","2800","3600","3200"
"2017-12-27","Onion","Maharashtra","Mumbai","27","519","3108","Vashi New Mumbai","2800","3600","3200"
"2017-12-26","Onion","Maharashtra","Mumbai","27","519","3108","Vashi New Mumbai","2800","3600","3200"
"2017-12-22","Onion","Maharashtra","Mumbai","27","519","3108","Vashi New Mumbai","2800","3600","3200"
"2017-12-21","Onion","Maharashtra","Mumbai","27","519","3108","Vashi New Mumbai","2800","3600","3200"
"2017-12-20","Onion","Maharashtra","Mumbai","27","519","3108","Vashi New Mumbai","2800","4500","3650"
"2017-12-19","Onion","Maharashtra","Mumbai","27","519","3108","Vashi New Mumbai","2800","4500","3650"
"2017-12-18","Onion","Maharashtra","Mumbai","27","519","3108","Vashi New Mumbai","3000","4500","3750"
"2017-12-16","Onion","Maharashtra","Mumbai","27","519","3108","Vashi New Mumbai","3000","4500","3750"
"2017-12-15","Onion","Maharashtra","Mumbai","27","519","3108","Vashi New Mumbai","3000","4800","3900"
"2017-12-14","Onion","Maharashtra","Mumbai","27","519","3108","Vashi New Mumbai","3200","4800","4000"
"2017-12-13","Onion","Maharashtra","Mumbai","27","519","3108","Vashi New Mumbai","3200","4800","4000"
"2017-12-12","Onion","Maharashtra","Mumbai","27","519","3108","Vashi New Mumbai","3500","4800","4150"
"2017-12-11","Onion","Maharashtra","Mumbai","27","519","3108","Vashi New Mumbai","3000","5000","4000"
"2017-12-09","Onion","Maharashtra","Mumbai","27","519","3108","Vashi New Mumbai","3000","5000","4000"
"2017-12-08","Onion","Maharashtra","Mumbai","27","519","3108","Vashi New Mumbai","2500","4800","3650"
"2017-12-07","Onion","Maharashtra","Mumbai","27","519","3108","Vashi New Mumbai","2500","4700","3650"
"2017-12-06","Onion","Maharashtra","Mumbai","27","519","3108","Vashi New Mumbai","3000","4800","3900"
"2017-12-05","Onion","Maharashtra","Mumbai","27","519","3108","Vashi New Mumbai","2400","3800","3100"
"2017-12-04","Onion","Maharashtra","Mumbai","27","519","3108","Vashi New Mumbai","2500","4000","3250"
"2017-12-01","Onion","Maharashtra","Mumbai","27","519","3108","Vashi New Mumbai","3000","4000","3500"
"2017-11-30","Onion","Maharashtra","Mumbai","27","519","3108","Vashi New Mumbai","2500","4200","3350"
"2017-11-29","Onion","Maharashtra","Mumbai","27","519","3108","Vashi New Mumbai","3000","4200","3600"
"2017-11-28","Onion","Maharashtra","Mumbai","27","519","3108","Vashi New Mumbai","3000","4800","3900"
"2017-11-27","Onion","Maharashtra","Mumbai","27","519","3108","Vashi New Mumbai","3000","4600","3800"
"2017-11-24","Onion","Maharashtra","Mumbai","27","519","3108","Vashi New Mumbai","2800","4800","3800"
"2017-11-23","Onion","Maharashtra","Mumbai","27","519","3108","Vashi New Mumbai","2800","4800","3800"
"2017-11-22","Onion","Maharashtra","Mumbai","27","519","3108","Vashi New Mumbai","2800","4800","3800"
"2017-11-21","Onion","Maharashtra","Mumbai","27","519","3108","Vashi New Mumbai","2800","4400","3600"
"2017-11-20","Onion","Maharashtra","Mumbai","27","519","3108","Vashi New Mumbai","2800","4400","3600"
"2017-11-18","Onion","Maharashtra","Mumbai","27","519","3108","Vashi New Mumbai","2800","4200","3500"
"2017-11-17","Onion","Maharashtra","Mumbai","27","519","3108","Vashi New Mumbai","2800","3800","3300"
"2017-11-16","Onion","Maharashtra","Mumbai","27","519","3108","Vashi New Mumbai","2800","3800","3300"
"2017-11-15","Onion","Maharashtra","Mumbai","27","519","3108","Vashi New Mumbai","2500","3500","3000"
"2017-11-14","Onion","Maharashtra","Mumbai","27","519","3108","Vashi New Mumbai","2000","3200","2600"
"2017-11-13","Onion","Maharashtra","Mumbai","27","519","3108","Vashi New Mumbai","2000","3500","2750"
"2017-11-11","Onion","Maharashtra","Mumbai","27","519","3108","Vashi New Mumbai","2500","3800","3150"
"2017-11-10","Onion","Maharashtra","Mumbai","27","519","3108","Vashi New Mumbai","2000","3600","2800"
"2017-11-09","Onion","Maharashtra","Mumbai","27","519","3108","Vashi New Mumbai","2000","3600","2800"
"2017-11-08","Onion","Maharashtra","Mumbai","27","519","3108","Vashi New Mumbai","2200","3600","2900"
"2017-11-07","Onion","Maharashtra","Mumbai","27","519","3108","Vashi New Mumbai","2200","3600","2900"
"2017-11-06","Onion","Maharashtra","Mumbai","27","519","3108","Vashi New Mumbai","2200","3800","3000"
"2017-11-04","Onion","Maharashtra","Mumbai","27","519","3108","Vashi New Mumbai","2500","3200","2850"
"2017-11-03","Onion","Maharashtra","Mumbai","27","519","3108","Vashi New Mumbai","2500","3200","2850"
"2017-11-02","Onion","Maharashtra","Mumbai","27","519","3108","Vashi New Mumbai","2500","3200","2850"
"2017-11-01","Onion","Maharashtra","Mumbai","27","519","3108","Vashi New Mumbai","2600","3200","2900"
"2017-10-31","Onion","Maharashtra","Mumbai","27","519","3108","Vashi New Mumbai","2500","3200","2850"
"2017-10-30","Onion","Maharashtra","Mumbai","27","519","3108","Vashi New Mumbai","2400","3300","2850"
"2017-10-28","Onion","Maharashtra","Mumbai","27","519","3108","Vashi New Mumbai","2500","3300","2900"
"2017-10-27","Onion","Maharashtra","Mumbai","27","519","3108","Vashi New Mumbai","2000","3300","2650"
"2017-10-26","Onion","Maharashtra","Mumbai","27","519","3108","Vashi New Mumbai","2500","3500","3000"
"2017-10-25","Onion","Maharashtra","Mumbai","27","519","3108","Vashi New Mumbai","3000","3800","3400"
"2017-10-24","Onion","Maharashtra","Mumbai","27","519","3108","Vashi New Mumbai","3000","3800","3400"
"2017-10-23","Onion","Maharashtra","Mumbai","27","519","3108","Vashi New Mumbai","3000","3800","3400"
"2017-10-17","Onion","Maharashtra","Mumbai","27","519","3108","Vashi New Mumbai","2000","2600","2300"
"2017-10-16","Onion","Maharashtra","Mumbai","27","519","3108","Vashi New Mumbai","2000","2500","2250"
"2017-10-14","Onion","Maharashtra","Mumbai","27","519","3108","Vashi New Mumbai","2000","2500","2250"
"2017-10-13","Onion","Maharashtra","Mumbai","27","519","3108","Vashi New Mumbai","2000","2700","2350"
"2017-10-12","Onion","Maharashtra","Mumbai","27","519","3108","Vashi New Mumbai","2000","2700","2350"
"2017-10-11","Onion","Maharashtra","Mumbai","27","519","3108","Vashi New Mumbai","2100","2700","2400"
"2017-10-10","Onion","Maharashtra","Mumbai","27","519","3108","Vashi New Mumbai","2200","2800","2500"
"2017-10-09","Onion","Maharashtra","Mumbai","27","519","3108","Vashi New Mumbai","2200","2800","2500"
"2017-10-07","Onion","Maharashtra","Mumbai","27","519","3108","Vashi New Mumbai","1700","2200","1950"
"2017-10-06","Onion","Maharashtra","Mumbai","27","519","3108","Vashi New Mumbai","1700","2200","1950"
"2017-10-05","Onion","Maharashtra","Mumbai","27","519","3108","Vashi New Mumbai","1300","2000","1650"
"2017-10-04","Onion","Maharashtra","Mumbai","27","519","3108","Vashi New Mumbai","1200","1900","1550"
"2017-10-03","Onion","Maharashtra","Mumbai","27","519","3108","Vashi New Mumbai","1300","1800","1550"
"2017-09-28","Onion","Maharashtra","Mumbai","27","519","3108","Vashi New Mumbai","1400","1800","1600"
"2017-09-27","Onion","Maharashtra","Mumbai","27","519","3108","Vashi New Mumbai","1400","1800","1600"
"2017-09-26","Onion","Maharashtra","Mumbai","27","519","3108","Vashi New Mumbai","1400","1800","1600"
"2017-09-23","Onion","Maharashtra","Mumbai","27","519","3108","Vashi New Mumbai","1800","2200","1900"
"2017-09-22","Onion","Maharashtra","Mumbai","27","519","3108","Vashi New Mumbai","1500","2000","1750"
"2017-09-21","Onion","Maharashtra","Mumbai","27","519","3108","Vashi New Mumbai","1400","1800","1600"
"2017-09-20","Onion","Maharashtra","Mumbai","27","519","3108","Vashi New Mumbai","1200","1600","1400"
"2017-09-19","Onion","Maharashtra","Mumbai","27","519","3108","Vashi New Mumbai","1200","1600","1400"
"2017-09-18","Onion","Maharashtra","Mumbai","27","519","3108","Vashi New Mumbai","1200","1600","1400"
"2017-09-16","Onion","Maharashtra","Mumbai","27","519","3108","Vashi New Mumbai","1200","1600","1400"
"2017-09-15","Onion","Maharashtra","Mumbai","27","519","3108","Vashi New Mumbai","1200","1600","1400"
"2017-09-14","Onion","Maharashtra","Mumbai","27","519","3108","Vashi New Mumbai","1200","1600","1400"
"2017-09-13","Onion","Maharashtra","Mumbai","27","519","3108","Vashi New Mumbai","1500","2000","1800"
"2017-09-12","Onion","Maharashtra","Mumbai","27","519","3108","Vashi New Mumbai","1800","2000","1900"
"2017-09-11","Onion","Maharashtra","Mumbai","27","519","3108","Vashi New Mumbai","1300","1700","1500"
"2017-09-09","Onion","Maharashtra","Mumbai","27","519","3108","Vashi New Mumbai","1300","1800","1600"
"2017-09-08","Onion","Maharashtra","Mumbai","27","519","3108","Vashi New Mumbai","1600","2000","1800"
"2017-09-07","Onion","Maharashtra","Mumbai","27","519","3108","Vashi New Mumbai","1500","2000","1800"
"2017-09-06","Onion","Maharashtra","Mumbai","27","519","3108","Vashi New Mumbai","1700","2300","2000"
"2017-09-04","Onion","Maharashtra","Mumbai","27","519","3108","Vashi New Mumbai","1700","2200","2000"
"2017-09-01","Onion","Maharashtra","Mumbai","27","519","3108","Vashi New Mumbai","1800","2200","2000"
"2017-08-31","Onion","Maharashtra","Mumbai","27","519","3108","Vashi New Mumbai","1800","2300","2100"
"2017-08-30","Onion","Maharashtra","Mumbai","27","519","3108","Vashi New Mumbai","1700","2200","2000"
"2017-08-29","Onion","Maharashtra","Mumbai","27","519","3108","Vashi New Mumbai","1700","2200","2000"
"2017-08-28","Onion","Maharashtra","Mumbai","27","519","3108","Vashi New Mumbai","1600","2000","1800"
"2017-08-24","Onion","Maharashtra","Mumbai","27","519","3108","Vashi New Mumbai","1800","2300","2100"
"2017-08-23","Onion","Maharashtra","Mumbai","27","519","3108","Vashi New Mumbai","2000","2500","2250"
"2017-08-22","Onion","Maharashtra","Mumbai","27","519","3108","Vashi New Mumbai","2000","2700","2400"
"2017-08-21","Onion","Maharashtra","Mumbai","27","519","3108","Vashi New Mumbai","2000","2700","2400"
"2017-08-19","Onion","Maharashtra","Mumbai","27","519","3108","Vashi New Mumbai","1900","2400","2200"
"2017-08-18","Onion","Maharashtra","Mumbai","27","519","3108","Vashi New Mumbai","2000","2200","2100"
"2017-08-17","Onion","Maharashtra","Mumbai","27","519","3108","Vashi New Mumbai","1900","2300","2100"
"2017-08-16","Onion","Maharashtra","Mumbai","27","519","3108","Vashi New Mumbai","1900","2300","2100"
"2017-08-14","Onion","Maharashtra","Mumbai","27","519","3108","Vashi New Mumbai","1900","2400","2200"
"2017-08-12","Onion","Maharashtra","Mumbai","27","519","3108","Vashi New Mumbai","2000","2500","2300"
"2017-08-11","Onion","Maharashtra","Mumbai","27","519","3108","Vashi New Mumbai","2200","2600","2400"
"2017-08-10","Onion","Maharashtra","Mumbai","27","519","3108","Vashi New Mumbai","2000","2500","2300"
"2017-08-08","Onion","Maharashtra","Mumbai","27","519","3108","Vashi New Mumbai","2000","2500","2300"
"2017-08-05","Onion","Maharashtra","Mumbai","27","519","3108","Vashi New Mumbai","2400","2600","2500"
"2017-08-04","Onion","Maharashtra","Mumbai","27","519","3108","Vashi New Mumbai","2500","2800","2650"
"2017-08-03","Onion","Maharashtra","Mumbai","27","519","3108","Vashi New Mumbai","1800","2200","2000"
"2017-08-02","Onion","Maharashtra","Mumbai","27","519","3108","Vashi New Mumbai","1400","1700","1550"
"2017-08-01","Onion","Maharashtra","Mumbai","27","519","3108","Vashi New Mumbai","1400","1700","1550"
"2017-07-31","Onion","Maharashtra","Mumbai","27","519","3108","Vashi New Mumbai","1400","1700","1550"
"2017-07-29","Onion","Maharashtra","Mumbai","27","519","3108","Vashi New Mumbai","1200","1500","1350"
"2017-07-28","Onion","Maharashtra","Mumbai","27","519","3108","Vashi New Mumbai","1200","1500","1350"
"2017-07-27","Onion","Maharashtra","Mumbai","27","519","3108","Vashi New Mumbai","900","1000","950"
"2017-07-26","Onion","Maharashtra","Mumbai","27","519","3108","Vashi New Mumbai","700","900","800"
"2017-07-25","Onion","Maharashtra","Mumbai","27","519","3108","Vashi New Mumbai","600","900","750"
"2017-07-24","Onion","Maharashtra","Mumbai","27","519","3108","Vashi New Mumbai","600","900","750"
"2017-07-22","Onion","Maharashtra","Mumbai","27","519","3108","Vashi New Mumbai","600","900","750"
"2017-07-21","Onion","Maharashtra","Mumbai","27","519","3108","Vashi New Mumbai","600","900","750"
"2017-07-20","Onion","Maharashtra","Mumbai","27","519","3108","Vashi New Mumbai","600","900","750"
"2017-07-19","Onion","Maharashtra","Mumbai","27","519","3108","Vashi New Mumbai","700","800","750"
"2017-07-18","Onion","Maharashtra","Mumbai","27","519","3108","Vashi New Mumbai","600","900","750"
"2017-07-17","Onion","Maharashtra","Mumbai","27","519","3108","Vashi New Mumbai","600","850","725"
"2017-07-15","Onion","Maharashtra","Mumbai","27","519","3108","Vashi New Mumbai","600","850","725"
"2017-07-14","Onion","Maharashtra","Mumbai","27","519","3108","Vashi New Mumbai","600","850","725"
"2017-07-13","Onion","Maharashtra","Mumbai","27","519","3108","Vashi New Mumbai","600","850","725"
"2017-07-12","Onion","Maharashtra","Mumbai","27","519","3108","Vashi New Mumbai","500","850","700"
"2017-07-11","Onion","Maharashtra","Mumbai","27","519","3108","Vashi New Mumbai","500","850","700"
"2017-07-10","Onion","Maharashtra","Mumbai","27","519","3108","Vashi New Mumbai","550","850","700"
"2017-07-08","Onion","Maharashtra","Mumbai","27","519","3108","Vashi New Mumbai","600","850","725"
"2017-07-07","Onion","Maharashtra","Mumbai","27","519","3108","Vashi New Mumbai","600","850","725"
"2017-07-06","Onion","Maharashtra","Mumbai","27","519","3108","Vashi New Mumbai","600","850","725"
"2017-07-05","Onion","Maharashtra","Mumbai","27","519","3108","Vashi New Mumbai","600","850","725"
"2017-07-04","Onion","Maharashtra","Mumbai","27","519","3108","Vashi New Mumbai","600","850","725"
"2017-07-03","Onion","Maharashtra","Mumbai","27","519","3108","Vashi New Mumbai","600","850","725"
"2017-07-01","Onion","Maharashtra","Mumbai","27","519","3108","Vashi New Mumbai","500","850","675"
"2017-07-01","Onion","Maharashtra","Mumbai","27","519","162","Mumbai","500","850","675"
"2017-06-30","Onion","Maharashtra","Mumbai","27","519","3108","Vashi New Mumbai","550","850","700"
"2017-06-29","Onion","Maharashtra","Mumbai","27","519","3108","Vashi New Mumbai","650","850","750"
"2017-06-28","Onion","Maharashtra","Mumbai","27","519","3108","Vashi New Mumbai","600","900","750"
"2017-06-27","Onion","Maharashtra","Mumbai","27","519","3108","Vashi New Mumbai","500","800","650"
"2017-06-23","Onion","Maharashtra","Mumbai","27","519","3108","Vashi New Mumbai","550","850","700"
"2017-06-22","Onion","Maharashtra","Mumbai","27","519","3108","Vashi New Mumbai","600","850","725"
"2017-06-21","Onion","Maharashtra","Mumbai","27","519","3108","Vashi New Mumbai","550","800","700"
"2017-06-20","Onion","Maharashtra","Mumbai","27","519","162","Mumbai","600","800","700"
"2017-06-20","Onion","Maharashtra","Mumbai","27","519","3108","Vashi New Mumbai","600","800","700"
"2017-06-19","Onion","Maharashtra","Mumbai","27","519","3108","Vashi New Mumbai","600","800","700"
"2017-06-17","Onion","Maharashtra","Mumbai","27","519","3108","Vashi New Mumbai","600","800","650"
"2017-06-16","Onion","Maharashtra","Mumbai","27","519","3108","Vashi New Mumbai","600","800","700"
"2017-06-15","Onion","Maharashtra","Mumbai","27","519","3108","Vashi New Mumbai","700","800","750"
"2017-06-14","Onion","Maharashtra","Mumbai","27","519","3108","Vashi New Mumbai","600","800","700"
"2017-06-13","Onion","Maharashtra","Mumbai","27","519","3108","Vashi New Mumbai","650","900","750"
"2017-06-12","Onion","Maharashtra","Mumbai","27","519","3108","Vashi New Mumbai","600","850","750"
"2017-06-10","Onion","Maharashtra","Mumbai","27","519","3108","Vashi New Mumbai","600","800","700"
"2017-06-09","Onion","Maharashtra","Mumbai","27","519","3108","Vashi New Mumbai","600","850","750"
"2017-06-08","Onion","Maharashtra","Mumbai","27","519","3108","Vashi New Mumbai","600","900","750"
"2017-06-07","Onion","Maharashtra","Mumbai","27","519","3108","Vashi New Mumbai","600","1000","800"
"2017-06-05","Onion","Maharashtra","Mumbai","27","519","3108","Vashi New Mumbai","700","1000","850"
"2017-06-03","Onion","Maharashtra","Mumbai","27","519","3108","Vashi New Mumbai","700","1000","850"
"2017-06-01","Onion","Maharashtra","Mumbai","27","519","3108","Vashi New Mumbai","500","800","650"
"2017-05-31","Onion","Maharashtra","Mumbai","27","519","3108","Vashi New Mumbai","500","750","650"
"2017-05-30","Onion","Maharashtra","Mumbai","27","519","3108","Vashi New Mumbai","550","800","700"
"2017-05-29","Onion","Maharashtra","Mumbai","27","519","3108","Vashi New Mumbai","500","750","650"
"2017-05-26","Onion","Maharashtra","Mumbai","27","519","3108","Vashi New Mumbai","500","800","650"
"2017-05-25","Onion","Maharashtra","Mumbai","27","519","3108","Vashi New Mumbai","500","750","650"
"2017-05-24","Onion","Maharashtra","Mumbai","27","519","3108","Vashi New Mumbai","500","750","650"
"2017-05-23","Onion","Maharashtra","Mumbai","27","519","3108","Vashi New Mumbai","550","750","650"
"2017-05-22","Onion","Maharashtra","Mumbai","27","519","3108","Vashi New Mumbai","500","700","600"
"2017-05-20","Onion","Maharashtra","Mumbai","27","519","3108","Vashi New Mumbai","450","700","600"
"2017-05-19","Onion","Maharashtra","Mumbai","27","519","3108","Vashi New Mumbai","550","750","650"
"2017-05-18","Onion","Maharashtra","Mumbai","27","519","3108","Vashi New Mumbai","500","750","650"
"2017-05-17","Onion","Maharashtra","Mumbai","27","519","3108","Vashi New Mumbai","500","750","650"
"2017-05-16","Onion","Maharashtra","Mumbai","27","519","3108","Vashi New Mumbai","500","700","600"
"2017-05-15","Onion","Maharashtra","Mumbai","27","519","3108","Vashi New Mumbai","500","700","600"
"2017-05-13","Onion","Maharashtra","Mumbai","27","519","3108","Vashi New Mumbai","500","750","650"
"2017-05-12","Onion","Maharashtra","Mumbai","27","519","3108","Vashi New Mumbai","450","700","600"
"2017-05-10","Onion","Maharashtra","Mumbai","27","519","3108","Vashi New Mumbai","500","700","650"
"2017-05-09","Onion","Maharashtra","Mumbai","27","519","3108","Vashi New Mumbai","500","750","650"
"2017-05-08","Onion","Maharashtra","Mumbai","27","519","3108","Vashi New Mumbai","500","700","600"
"2017-05-06","Onion","Maharashtra","Mumbai","27","519","3108","Vashi New Mumbai","500","700","600"
"2017-05-05","Onion","Maharashtra","Mumbai","27","519","3108","Vashi New Mumbai","550","750","650"
"2017-05-04","Onion","Maharashtra","Mumbai","27","519","3108","Vashi New Mumbai","500","700","600"
"2017-05-03","Onion","Maharashtra","Mumbai","27","519","3108","Vashi New Mumbai","500","700","600"
"2017-05-02","Onion","Maharashtra","Mumbai","27","519","3108","Vashi New Mumbai","500","700","600"
"2017-04-29","Onion","Maharashtra","Mumbai","27","519","3108","Vashi New Mumbai","500","700","600"
"2017-04-28","Onion","Maharashtra","Mumbai","27","519","3108","Vashi New Mumbai","500","700","600"
"2017-04-27","Onion","Maharashtra","Mumbai","27","519","3108","Vashi New Mumbai","550","700","650"
"2017-04-26","Onion","Maharashtra","Mumbai","27","519","3108","Vashi New Mumbai","550","700","650"
"2017-04-25","Onion","Maharashtra","Mumbai","27","519","3108","Vashi New Mumbai","550","700","650"
"2017-04-24","Onion","Maharashtra","Mumbai","27","519","3108","Vashi New Mumbai","550","700","650"
"2017-04-22","Onion","Maharashtra","Mumbai","27","519","3108","Vashi New Mumbai","550","700","650"
"2017-04-21","Onion","Maharashtra","Mumbai","27","519","3108","Vashi New Mumbai","550","700","650"
"2017-04-20","Onion","Maharashtra","Mumbai","27","519","3108","Vashi New Mumbai","500","700","600"
"2017-04-19","Onion","Maharashtra","Mumbai","27","519","3108","Vashi New Mumbai","500","700","600"
"2017-04-18","Onion","Maharashtra","Mumbai","27","519","3108","Vashi New Mumbai","550","750","650"
"2017-04-17","Onion","Maharashtra","Mumbai","27","519","3108","Vashi New Mumbai","550","750","650"
"2017-04-15","Onion","Maharashtra","Mumbai","27","519","3108","Vashi New Mumbai","500","700","600"
"2017-04-14","Onion","Maharashtra","Mumbai","27","519","3108","Vashi New Mumbai","550","750","650"
"2017-04-13","Onion","Maharashtra","Mumbai","27","519","3108","Vashi New Mumbai","550","750","650"
"2017-04-12","Onion","Maharashtra","Mumbai","27","519","3108","Vashi New Mumbai","550","750","650"
"2017-04-11","Onion","Maharashtra","Mumbai","27","519","3108","Vashi New Mumbai","500","700","600"
"2017-04-10","Onion","Maharashtra","Mumbai","27","519","3108","Vashi New Mumbai","500","650","600"
"2017-04-08","Onion","Maharashtra","Mumbai","27","519","3108","Vashi New Mumbai","500","650","600"
"2017-04-07","Onion","Maharashtra","Mumbai","27","519","3108","Vashi New Mumbai","500","750","650"
"2017-04-06","Onion","Maharashtra","Mumbai","27","519","3108","Vashi New Mumbai","500","650","600"
"2017-04-05","Onion","Maharashtra","Mumbai","27","519","3108","Vashi New Mumbai","500","700","600"
"2017-04-04","Onion","Maharashtra","Mumbai","27","519","3108","Vashi New Mumbai","500","700","600"
"2017-04-03","Onion","Maharashtra","Mumbai","27","519","3108","Vashi New Mumbai","550","700","650"
"2017-04-01","Onion","Maharashtra","Mumbai","27","519","3108","Vashi New Mumbai","550","850","700"
"2017-03-31","Onion","Maharashtra","Mumbai","27","519","3108","Vashi New Mumbai","600","700","650"
"2017-03-30","Onion","Maharashtra","Mumbai","27","519","3108","Vashi New Mumbai","650","750","700"
"2017-03-29","Onion","Maharashtra","Mumbai","27","519","3108","Vashi New Mumbai","600","1000","800"
"2017-03-27","Onion","Maharashtra","Mumbai","27","519","3108","Vashi New Mumbai","500","700","600"
"2017-03-25","Onion","Maharashtra","Mumbai","27","519","3108","Vashi New Mumbai","550","700","650"
"2017-03-24","Onion","Maharashtra","Mumbai","27","519","3108","Vashi New Mumbai","500","700","600"
"2017-03-22","Onion","Maharashtra","Mumbai","27","519","3108","Vashi New Mumbai","550","700","650"
"2017-03-21","Onion","Maharashtra","Mumbai","27","519","3108","Vashi New Mumbai","550","750","650"
"2017-03-20","Onion","Maharashtra","Mumbai","27","519","3108","Vashi New Mumbai","500","700","600"
"2017-03-18","Onion","Maharashtra","Mumbai","27","519","3108","Vashi New Mumbai","550","750","650"
"2017-03-17","Onion","Maharashtra","Mumbai","27","519","3108","Vashi New Mumbai","550","700","650"
"2017-03-16","Onion","Maharashtra","Mumbai","27","519","3108","Vashi New Mumbai","550","700","650"
"2017-03-15","Onion","Maharashtra","Mumbai","27","519","3108","Vashi New Mumbai","500","700","600"
"2017-03-14","Onion","Maharashtra","Mumbai","27","519","3108","Vashi New Mumbai","500","700","600"
"2017-03-10","Onion","Maharashtra","Mumbai","27","519","3108","Vashi New Mumbai","500","750","650"
"2017-03-09","Onion","Maharashtra","Mumbai","27","519","3108","Vashi New Mumbai","500","750","650"
"2017-03-08","Onion","Maharashtra","Mumbai","27","519","3108","Vashi New Mumbai","500","700","600"
"2017-03-07","Onion","Maharashtra","Mumbai","27","519","3108","Vashi New Mumbai","550","750","650"
"2017-03-06","Onion","Maharashtra","Mumbai","27","519","3108","Vashi New Mumbai","500","700","600"
"2017-03-04","Onion","Maharashtra","Mumbai","27","519","3108","Vashi New Mumbai","550","750","650"
"2017-03-03","Onion","Maharashtra","Mumbai","27","519","3108","Vashi New Mumbai","550","750","650"
"2017-03-02","Onion","Maharashtra","Mumbai","27","519","3108","Vashi New Mumbai","600","850","700"
"2017-03-01","Onion","Maharashtra","Mumbai","27","519","3108","Vashi New Mumbai","550","850","700"
"2017-02-28","Onion","Maharashtra","Mumbai","27","519","3108","Vashi New Mumbai","550","850","700"
"2017-02-27","Onion","Maharashtra","Mumbai","27","519","3108","Vashi New Mumbai","500","800","650"
"2017-02-25","Onion","Maharashtra","Mumbai","27","519","3108","Vashi New Mumbai","500","800","650"
"2017-02-23","Onion","Maharashtra","Mumbai","27","519","3108","Vashi New Mumbai","600","850","750"
"2017-02-22","Onion","Maharashtra","Mumbai","27","519","3108","Vashi New Mumbai","550","800","700"
"2017-02-18","Onion","Maharashtra","Mumbai","27","519","3108","Vashi New Mumbai","500","800","650"
"2017-02-17","Onion","Maharashtra","Mumbai","27","519","3108","Vashi New Mumbai","500","750","650"
"2017-02-16","Onion","Maharashtra","Mumbai","27","519","3108","Vashi New Mumbai","500","750","650"
"2017-02-15","Onion","Maharashtra","Mumbai","27","519","3108","Vashi New Mumbai","500","800","650"
"2017-02-14","Onion","Maharashtra","Mumbai","27","519","3108","Vashi New Mumbai","550","850","700"
"2017-02-13","Onion","Maharashtra","Mumbai","27","519","3108","Vashi New Mumbai","500","800","650"
"2017-02-11","Onion","Maharashtra","Mumbai","27","519","3108","Vashi New Mumbai","550","800","700"
"2017-02-10","Onion","Maharashtra","Mumbai","27","519","3108","Vashi New Mumbai","550","800","700"
"2017-02-09","Onion","Maharashtra","Mumbai","27","519","3108","Vashi New Mumbai","550","800","700"
"2017-02-08","Onion","Maharashtra","Mumbai","27","519","3108","Vashi New Mumbai","550","800","700"
"2017-02-07","Onion","Maharashtra","Mumbai","27","519","3108","Vashi New Mumbai","600","850","750"
"2017-02-06","Onion","Maharashtra","Mumbai","27","519","3108","Vashi New Mumbai","550","800","700"
"2017-02-04","Onion","Maharashtra","Mumbai","27","519","3108","Vashi New Mumbai","600","850","750"
"2017-02-03","Onion","Maharashtra","Mumbai","27","519","3108","Vashi New Mumbai","600","900","750"
"2017-02-02","Onion","Maharashtra","Mumbai","27","519","3108","Vashi New Mumbai","600","900","750"
"2017-02-01","Onion","Maharashtra","Mumbai","27","519","3108","Vashi New Mumbai","650","950","800"
"2017-01-31","Onion","Maharashtra","Mumbai","27","519","3108","Vashi New Mumbai","650","950","800"
"2017-01-30","Onion","Maharashtra","Mumbai","27","519","3108","Vashi New Mumbai","600","900","750"
"2017-01-28","Onion","Maharashtra","Mumbai","27","519","3108","Vashi New Mumbai","700","900","800"
"2017-01-27","Onion","Maharashtra","Mumbai","27","519","3108","Vashi New Mumbai","650","900","775"
"2017-01-25","Onion","Maharashtra","Mumbai","27","519","3108","Vashi New Mumbai","500","900","700"
"2017-01-19","Onion","Maharashtra","Mumbai","27","519","3108","Vashi New Mumbai","750","850","800"
"2017-01-18","Onion","Maharashtra","Mumbai","27","519","3108","Vashi New Mumbai","700","800","750"
"2017-01-17","Onion","Maharashtra","Mumbai","27","519","3108","Vashi New Mumbai","700","900","800"
"2017-01-16","Onion","Maharashtra","Mumbai","27","519","3108","Vashi New Mumbai","600","850","700"
"2017-01-14","Onion","Maharashtra","Mumbai","27","519","3108","Vashi New Mumbai","650","750","700"
"2017-01-13","Onion","Maharashtra","Mumbai","27","519","3108","Vashi New Mumbai","650","800","725"
"2017-01-12","Onion","Maharashtra","Mumbai","27","519","3108","Vashi New Mumbai","600","850","700"
"2017-01-11","Onion","Maharashtra","Mumbai","27","519","3108","Vashi New Mumbai","400","750","650"
"2017-01-10","Onion","Maharashtra","Mumbai","27","519","3108","Vashi New Mumbai","500","850","675"
"2017-01-09","Onion","Maharashtra","Mumbai","27","519","3108","Vashi New Mumbai","450","800","600"
"2017-01-07","Onion","Maharashtra","Mumbai","27","519","3108","Vashi New Mumbai","550","850","700"
"2017-01-06","Onion","Maharashtra","Mumbai","27","519","3108","Vashi New Mumbai","600","900","700"
"2017-01-05","Onion","Maharashtra","Mumbai","27","519","3108","Vashi New Mumbai","700","1000","800"
"2017-01-04","Onion","Maharashtra","Mumbai","27","519","3108","Vashi New Mumbai","450","900","650"
"2017-01-03","Onion","Maharashtra","Mumbai","27","519","3108","Vashi New Mumbai","550","1000","700"
"2017-01-02","Onion","Maharashtra","Mumbai","27","519","3108","Vashi New Mumbai","350","850","550"
"2016-12-31","Onion","Maharashtra","Mumbai","27","519","3108","Vashi New Mumbai","400","850","600"
"2016-12-30","Onion","Maharashtra","Mumbai","27","519","3108","Vashi New Mumbai","450","900","650"
"2016-12-29","Onion","Maharashtra","Mumbai","27","519","3108","Vashi New Mumbai","600","1000","800"
"2016-12-28","Onion","Maharashtra","Mumbai","27","519","3108","Vashi New Mumbai","500","850","700"
"2016-12-27","Onion","Maharashtra","Mumbai","27","519","3108","Vashi New Mumbai","650","1000","800"
"2016-12-26","Onion","Maharashtra","Mumbai","27","519","3108","Vashi New Mumbai","600","900","750"
"2016-12-23","Onion","Maharashtra","Mumbai","27","519","3108","Vashi New Mumbai","500","850","700"
"2016-12-22","Onion","Maharashtra","Mumbai","27","519","3108","Vashi New Mumbai","650","950","800"
"2016-12-21","Onion","Maharashtra","Mumbai","27","519","3108","Vashi New Mumbai","600","900","750"
"2016-12-20","Onion","Maharashtra","Mumbai","27","519","3108","Vashi New Mumbai","650","1000","800"
"2016-12-19","Onion","Maharashtra","Mumbai","27","519","3108","Vashi New Mumbai","550","950","700"
"2016-12-17","Onion","Maharashtra","Mumbai","27","519","3108","Vashi New Mumbai","600","850","750"
"2016-12-16","Onion","Maharashtra","Mumbai","27","519","3108","Vashi New Mumbai","700","950","850"
"2016-12-15","Onion","Maharashtra","Mumbai","27","519","3108","Vashi New Mumbai","750","1000","950"
"2016-12-14","Onion","Maharashtra","Mumbai","27","519","3108","Vashi New Mumbai","800","1100","900"
"2016-12-13","Onion","Maharashtra","Mumbai","27","519","3108","Vashi New Mumbai","750","1000","850"
"2016-12-09","Onion","Maharashtra","Mumbai","27","519","3108","Vashi New Mumbai","750","950","850"
"2016-12-08","Onion","Maharashtra","Mumbai","27","519","3108","Vashi New Mumbai","800","1000","900"
"2016-12-07","Onion","Maharashtra","Mumbai","27","519","3108","Vashi New Mumbai","700","900","850"
"2016-12-06","Onion","Maharashtra","Mumbai","27","519","3108","Vashi New Mumbai","750","1000","850"
"2016-12-05","Onion","Maharashtra","Mumbai","27","519","3108","Vashi New Mumbai","650","950","800"
"2016-12-03","Onion","Maharashtra","Mumbai","27","519","3108","Vashi New Mumbai","600","900","750"
"2016-12-02","Onion","Maharashtra","Mumbai","27","519","3108","Vashi New Mumbai","550","850","650"
"2016-12-01","Onion","Maharashtra","Mumbai","27","519","3108","Vashi New Mumbai","600","900","700"
"2016-11-30","Onion","Maharashtra","Mumbai","27","519","3108","Vashi New Mumbai","650","1000","950"
"2016-11-29","Onion","Maharashtra","Mumbai","27","519","3108","Vashi New Mumbai","600","1200","1000"
"2016-11-28","Onion","Maharashtra","Mumbai","27","519","3108","Vashi New Mumbai","500","1100","850"
"2016-11-25","Onion","Maharashtra","Mumbai","27","519","3108","Vashi New Mumbai","800","1050","900"
"2016-11-24","Onion","Maharashtra","Mumbai","27","519","3108","Vashi New Mumbai","800","1100","900"
"2016-11-23","Onion","Maharashtra","Mumbai","27","519","3108","Vashi New Mumbai","600","750","650"
"2016-11-22","Onion","Maharashtra","Mumbai","27","519","3108","Vashi New Mumbai","500","700","600"
"2016-11-21","Onion","Maharashtra","Mumbai","27","519","3108","Vashi New Mumbai","450","650","600"
"2016-11-19","Onion","Maharashtra","Mumbai","27","519","3108","Vashi New Mumbai","500","700","650"
"2016-11-18","Onion","Maharashtra","Mumbai","27","519","3108","Vashi New Mumbai","500","800","750"
"2016-11-17","Onion","Maharashtra","Mumbai","27","519","3108","Vashi New Mumbai","550","750","650"
"2016-11-16","Onion","Maharashtra","Mumbai","27","519","3108","Vashi New Mumbai","600","800","750"
"2016-11-15","Onion","Maharashtra","Mumbai","27","519","3108","Vashi New Mumbai","600","800","750"
"2016-11-14","Onion","Maharashtra","Mumbai","27","519","3108","Vashi New Mumbai","750","1000","900"
"2016-11-11","Onion","Maharashtra","Mumbai","27","519","3108","Vashi New Mumbai","700","800","750"
"2016-11-10","Onion","Maharashtra","Mumbai","27","519","3108","Vashi New Mumbai","700","800","750"
"2016-11-09","Onion","Maharashtra","Mumbai","27","519","3108","Vashi New Mumbai","750","850","800"
"2016-11-08","Onion","Maharashtra","Mumbai","27","519","3108","Vashi New Mumbai","750","850","800"
"2016-11-07","Onion","Maharashtra","Mumbai","27","519","3108","Vashi New Mumbai","700","800","750"
"2016-11-05","Onion","Maharashtra","Mumbai","27","519","3108","Vashi New Mumbai","700","800","750"
"2016-11-04","Onion","Maharashtra","Mumbai","27","519","3108","Vashi New Mumbai","650","750","700"
"2016-11-03","Onion","Maharashtra","Mumbai","27","519","3108","Vashi New Mumbai","600","700","650"
"2016-11-02","Onion","Maharashtra","Mumbai","27","519","3108","Vashi New Mumbai","650","700","675"
"2016-10-28","Onion","Maharashtra","Mumbai","27","519","3108","Vashi New Mumbai","500","600","550"
"2016-10-27","Onion","Maharashtra","Mumbai","27","519","3108","Vashi New Mumbai","550","650","600"
"2016-10-26","Onion","Maharashtra","Mumbai","27","519","3108","Vashi New Mumbai","600","750","700"
"2016-10-25","Onion","Maharashtra","Mumbai","27","519","3108","Vashi New Mumbai","550","700","650"
"2016-10-24","Onion","Maharashtra","Mumbai","27","519","3108","Vashi New Mumbai","500","650","600"
"2016-10-21","Onion","Maharashtra","Mumbai","27","519","3108","Vashi New Mumbai","600","800","700"
"2016-10-20","Onion","Maharashtra","Mumbai","27","519","3108","Vashi New Mumbai","1200","1400","1300"
"2016-10-19","Onion","Maharashtra","Mumbai","27","519","3108","Vashi New Mumbai","550","700","650"
"2016-10-18","Onion","Maharashtra","Mumbai","27","519","3108","Vashi New Mumbai","600","800","750"
"2016-10-17","Onion","Maharashtra","Mumbai","27","519","3108","Vashi New Mumbai","600","700","650"
"2016-10-15","Onion","Maharashtra","Mumbai","27","519","3108","Vashi New Mumbai","600","700","650"
"2016-10-14","Onion","Maharashtra","Mumbai","27","519","3108","Vashi New Mumbai","600","700","650"
"2016-10-13","Onion","Maharashtra","Mumbai","27","519","3108","Vashi New Mumbai","650","750","700"
"2016-10-10","Onion","Maharashtra","Mumbai","27","519","3108","Vashi New Mumbai","550","650","600"
"2016-10-07","Onion","Maharashtra","Mumbai","27","519","3108","Vashi New Mumbai","500","600","550"
"2016-10-06","Onion","Maharashtra","Mumbai","27","519","3108","Vashi New Mumbai","550","650","600"
"2016-10-05","Onion","Maharashtra","Mumbai","27","519","3108","Vashi New Mumbai","500","700","600"
"2016-10-04","Onion","Maharashtra","Mumbai","27","519","3108","Vashi New Mumbai","550","750","700"
"2016-10-03","Onion","Maharashtra","Mumbai","27","519","3108","Vashi New Mumbai","500","700","650"
"2016-10-01","Onion","Maharashtra","Mumbai","27","519","3108","Vashi New Mumbai","500","700","650"
"2016-09-30","Onion","Maharashtra","Mumbai","27","519","3108","Vashi New Mumbai","550","700","650"
"2016-09-29","Onion","Maharashtra","Mumbai","27","519","3108","Vashi New Mumbai","600","700","650"
"2016-09-28","Onion","Maharashtra","Mumbai","27","519","3108","Vashi New Mumbai","550","650","600"
"2016-09-27","Onion","Maharashtra","Mumbai","27","519","3108","Vashi New Mumbai","500","600","550"
"2016-09-23","Onion","Maharashtra","Mumbai","27","519","3108","Vashi New Mumbai","550","700","600"
"2016-09-22","Onion","Maharashtra","Mumbai","27","519","3108","Vashi New Mumbai","450","650","550"
"2016-09-20","Onion","Maharashtra","Mumbai","27","519","3108","Vashi New Mumbai","500","700","600"
"2016-09-19","Onion","Maharashtra","Mumbai","27","519","3108","Vashi New Mumbai","450","550","500"
"2016-09-17","Onion","Maharashtra","Mumbai","27","519","3108","Vashi New Mumbai","400","550","500"
"2016-09-16","Onion","Maharashtra","Mumbai","27","519","3108","Vashi New Mumbai","400","550","500"
"2016-09-14","Onion","Maharashtra","Mumbai","27","519","3108","Vashi New Mumbai","400","600","550"
"2016-09-12","Onion","Maharashtra","Mumbai","27","519","3108","Vashi New Mumbai","400","600","550"
"2016-09-09","Onion","Maharashtra","Mumbai","27","519","3108","Vashi New Mumbai","400","650","600"
"2016-09-08","Onion","Maharashtra","Mumbai","27","519","3108","Vashi New Mumbai","450","700","600"
"2016-09-07","Onion","Maharashtra","Mumbai","27","519","3108","Vashi New Mumbai","450","700","600"
"2016-09-03","Onion","Maharashtra","Mumbai","27","519","3108","Vashi New Mumbai","400","650","550"
"2016-09-02","Onion","Maharashtra","Mumbai","27","519","3108","Vashi New Mumbai","400","700","650"
"2016-09-01","Onion","Maharashtra","Mumbai","27","519","3108","Vashi New Mumbai","400","800","600"
"2016-08-31","Onion","Maharashtra","Mumbai","27","519","3108","Vashi New Mumbai","400","800","650"
"2016-08-30","Onion","Maharashtra","Mumbai","27","519","3108","Vashi New Mumbai","500","800","650"
"2016-08-29","Onion","Maharashtra","Mumbai","27","519","3108","Vashi New Mumbai","500","800","650"
"2016-08-27","Onion","Maharashtra","Mumbai","27","519","3108","Vashi New Mumbai","300","700","600"
"2016-08-26","Onion","Maharashtra","Mumbai","27","519","3108","Vashi New Mumbai","400","800","650"
"2016-08-24","Onion","Maharashtra","Mumbai","27","519","3108","Vashi New Mumbai","400","900","800"
"2016-08-23","Onion","Maharashtra","Mumbai","27","519","3108","Vashi New Mumbai","500","900","800"
"2016-08-22","Onion","Maharashtra","Mumbai","27","519","3108","Vashi New Mumbai","500","900","700"
"2016-08-20","Onion","Maharashtra","Mumbai","27","519","3108","Vashi New Mumbai","500","900","700"
"2016-08-19","Onion","Maharashtra","Mumbai","27","519","3108","Vashi New Mumbai","600","900","700"
"2016-08-17","Onion","Maharashtra","Mumbai","27","519","3108","Vashi New Mumbai","650","950","750"
"2016-08-16","Onion","Maharashtra","Mumbai","27","519","3108","Vashi New Mumbai","600","900","700"
"2016-08-13","Onion","Maharashtra","Mumbai","27","519","3108","Vashi New Mumbai","700","900","800"
"2016-08-12","Onion","Maharashtra","Mumbai","27","519","3108","Vashi New Mumbai","700","1000","800"
"2016-08-11","Onion","Maharashtra","Mumbai","27","519","3108","Vashi New Mumbai","700","1000","850"
"2016-08-10","Onion","Maharashtra","Mumbai","27","519","3108","Vashi New Mumbai","800","900","850"
"2016-08-09","Onion","Maharashtra","Mumbai","27","519","3108","Vashi New Mumbai","800","900","850"
"2016-08-08","Onion","Maharashtra","Mumbai","27","519","3108","Vashi New Mumbai","700","900","800"
"2016-08-06","Onion","Maharashtra","Mumbai","27","519","3108","Vashi New Mumbai","850","1000","900"
"2016-08-05","Onion","Maharashtra","Mumbai","27","519","3108","Vashi New Mumbai","600","1000","900"
"2016-08-04","Onion","Maharashtra","Mumbai","27","519","3108","Vashi New Mumbai","600","900","800"
"2016-08-03","Onion","Maharashtra","Mumbai","27","519","3108","Vashi New Mumbai","700","1000","900"
"2016-08-02","Onion","Maharashtra","Mumbai","27","519","3108","Vashi New Mumbai","750","1000","900"
"2016-08-01","Onion","Maharashtra","Mumbai","27","519","3108","Vashi New Mumbai","750","1000","900"
"2016-07-30","Onion","Maharashtra","Mumbai","27","519","3108","Vashi New Mumbai","800","1000","900"
"2016-07-29","Onion","Maharashtra","Mumbai","27","519","3108","Vashi New Mumbai","750","1000","850"
"2016-07-28","Onion","Maharashtra","Mumbai","27","519","3108","Vashi New Mumbai","700","1000","850"
"2016-07-27","Onion","Maharashtra","Mumbai","27","519","3108","Vashi New Mumbai","700","1000","850"
"2016-07-26","Onion","Maharashtra","Mumbai","27","519","3108","Vashi New Mumbai","800","1000","900"
"2016-07-25","Onion","Maharashtra","Mumbai","27","519","3108","Vashi New Mumbai","700","1000","850"
"2016-07-23","Onion","Maharashtra","Mumbai","27","519","3108","Vashi New Mumbai","700","1000","850"
"2016-07-22","Onion","Maharashtra","Mumbai","27","519","3108","Vashi New Mumbai","700","1000","850"
"2016-07-21","Onion","Maharashtra","Mumbai","27","519","3108","Vashi New Mumbai","600","1000","800"
"2016-07-20","Onion","Maharashtra","Mumbai","27","519","3108","Vashi New Mumbai","700","1000","850"
"2016-07-19","Onion","Maharashtra","Mumbai","27","519","3108","Vashi New Mumbai","700","1000","850"
"2016-07-18","Onion","Maharashtra","Mumbai","27","519","3108","Vashi New Mumbai","700","1100","900"
"2016-07-16","Onion","Maharashtra","Mumbai","27","519","3108","Vashi New Mumbai","800","1100","950"
"2016-07-15","Onion","Maharashtra","Mumbai","27","519","3108","Vashi New Mumbai","800","1200","1000"
"2016-07-14","Onion","Maharashtra","Mumbai","27","519","3108","Vashi New Mumbai","800","1200","1000"
"2016-07-09","Onion","Maharashtra","Mumbai","27","519","3108","Vashi New Mumbai","800","1200","900"
"2016-07-08","Onion","Maharashtra","Mumbai","27","519","3108","Vashi New Mumbai","600","1100","800"
"2016-07-06","Onion","Maharashtra","Mumbai","27","519","3108","Vashi New Mumbai","500","1000","750"
"2016-07-05","Onion","Maharashtra","Mumbai","27","519","3108","Vashi New Mumbai","700","900","850"
"2016-07-02","Onion","Maharashtra","Mumbai","27","519","3108","Vashi New Mumbai","600","900","800"
"2016-07-01","Onion","Maharashtra","Mumbai","27","519","3108","Vashi New Mumbai","500","1100","800"
"2016-06-30","Onion","Maharashtra","Mumbai","27","519","3108","Vashi New Mumbai","700","1000","850"
"2016-06-29","Onion","Maharashtra","Mumbai","27","519","3108","Vashi New Mumbai","800","1000","900"
"2016-06-28","Onion","Maharashtra","Mumbai","27","519","3108","Vashi New Mumbai","600","1200","800"
"2016-06-27","Onion","Maharashtra","Mumbai","27","519","3108","Vashi New Mumbai","550","1200","850"
"2016-06-25","Onion","Maharashtra","Mumbai","27","519","3108","Vashi New Mumbai","400","1100","750"
"2016-06-24","Onion","Maharashtra","Mumbai","27","519","3108","Vashi New Mumbai","700","1100","850"
"2016-06-23","Onion","Maharashtra","Mumbai","27","519","3108","Vashi New Mumbai","500","950","725"
"2016-06-22","Onion","Maharashtra","Mumbai","27","519","3108","Vashi New Mumbai","450","850","600"
"2016-06-21","Onion","Maharashtra","Mumbai","27","519","3108","Vashi New Mumbai","500","900","650"
"2016-06-20","Onion","Maharashtra","Mumbai","27","519","3108","Vashi New Mumbai","450","850","600"
"2016-06-18","Onion","Maharashtra","Mumbai","27","519","3108","Vashi New Mumbai","500","900","700"
"2016-06-17","Onion","Maharashtra","Mumbai","27","519","3108","Vashi New Mumbai","550","900","725"
"2016-06-16","Onion","Maharashtra","Mumbai","27","519","3108","Vashi New Mumbai","550","950","750"
"2016-06-15","Onion","Maharashtra","Mumbai","27","519","3108","Vashi New Mumbai","500","950","725"
"2016-06-14","Onion","Maharashtra","Mumbai","27","519","3108","Vashi New Mumbai","500","900","700"
"2016-06-13","Onion","Maharashtra","Mumbai","27","519","3108","Vashi New Mumbai","500","900","700"
"2016-06-11","Onion","Maharashtra","Mumbai","27","519","3108","Vashi New Mumbai","500","900","700"
"2016-06-10","Onion","Maharashtra","Mumbai","27","519","3108","Vashi New Mumbai","400","900","650"
"2016-06-09","Onion","Maharashtra","Mumbai","27","519","3108","Vashi New Mumbai","450","900","675"
"2016-06-08","Onion","Maharashtra","Mumbai","27","519","3108","Vashi New Mumbai","500","900","700"
"2016-06-07","Onion","Maharashtra","Mumbai","27","519","3108","Vashi New Mumbai","500","900","700"
"2016-06-06","Onion","Maharashtra","Mumbai","27","519","3108","Vashi New Mumbai","500","900","700"
"2016-06-04","Onion","Maharashtra","Mumbai","27","519","3108","Vashi New Mumbai","650","1000","850"
"2016-06-03","Onion","Maharashtra","Mumbai","27","519","3108","Vashi New Mumbai","500","800","650"
"2016-06-02","Onion","Maharashtra","Mumbai","27","519","3108","Vashi New Mumbai","500","800","650"
"2016-06-01","Onion","Maharashtra","Mumbai","27","519","3108","Vashi New Mumbai","500","800","650"
"2016-05-31","Onion","Maharashtra","Mumbai","27","519","3108","Vashi New Mumbai","500","800","650"
"2016-05-30","Onion","Maharashtra","Mumbai","27","519","3108","Vashi New Mumbai","500","800","650"
"2016-05-28","Onion","Maharashtra","Mumbai","27","519","3108","Vashi New Mumbai","500","850","675"
"2016-05-27","Onion","Maharashtra","Mumbai","27","519","3108","Vashi New Mumbai","550","800","675"
"2016-05-26","Onion","Maharashtra","Mumbai","27","519","3108","Vashi New Mumbai","600","800","700"
"2016-05-25","Onion","Maharashtra","Mumbai","27","519","3108","Vashi New Mumbai","650","900","750"
"2016-05-24","Onion","Maharashtra","Mumbai","27","519","3108","Vashi New Mumbai","650","850","750"
"2016-05-23","Onion","Maharashtra","Mumbai","27","519","3108","Vashi New Mumbai","600","800","700"
"2016-05-21","Onion","Maharashtra","Mumbai","27","519","3108","Vashi New Mumbai","600","850","700"
"2016-05-20","Onion","Maharashtra","Mumbai","27","519","3108","Vashi New Mumbai","650","800","750"
"2016-05-19","Onion","Maharashtra","Mumbai","27","519","3108","Vashi New Mumbai","700","850","800"
"2016-05-18","Onion","Maharashtra","Mumbai","27","519","162","Mumbai","650","800","750"
"2016-05-17","Onion","Maharashtra","Mumbai","27","519","162","Mumbai","700","850","800"
"2016-05-16","Onion","Maharashtra","Mumbai","27","519","162","Mumbai","650","800","750"
"2016-05-14","Onion","Maharashtra","Mumbai","27","519","162","Mumbai","700","850","800"
"2016-05-13","Onion","Maharashtra","Mumbai","27","519","162","Mumbai","800","900","850"
"2016-05-12","Onion","Maharashtra","Mumbai","27","519","162","Mumbai","750","1000","900"
"2016-05-11","Onion","Maharashtra","Mumbai","27","519","162","Mumbai","700","950","850"
"2016-05-10","Onion","Maharashtra","Mumbai","27","519","162","Mumbai","800","1050","950"
"2016-05-09","Onion","Maharashtra","Mumbai","27","519","162","Mumbai","750","1000","900"
"2016-05-07","Onion","Maharashtra","Mumbai","27","519","162","Mumbai","700","950","850"
"2016-05-06","Onion","Maharashtra","Mumbai","27","519","162","Mumbai","750","1000","900"
"2016-05-05","Onion","Maharashtra","Mumbai","27","519","162","Mumbai","700","1100","850"
"2016-05-04","Onion","Maharashtra","Mumbai","27","519","162","Mumbai","650","1050","800"
"2016-05-02","Onion","Maharashtra","Mumbai","27","519","162","Mumbai","650","950","800"
"2016-04-30","Onion","Maharashtra","Mumbai","27","519","162","Mumbai","700","1000","850"
"2016-04-29","Onion","Maharashtra","Mumbai","27","519","162","Mumbai","650","950","800"
"2016-04-28","Onion","Maharashtra","Mumbai","27","519","162","Mumbai","700","1000","850"
"2016-04-27","Onion","Maharashtra","Mumbai","27","519","162","Mumbai","750","1100","950"
"2016-04-26","Onion","Maharashtra","Mumbai","27","519","162","Mumbai","700","1050","850"
"2016-04-25","Onion","Maharashtra","Mumbai","27","519","162","Mumbai","650","1000","800"
"2016-04-23","Onion","Maharashtra","Mumbai","27","519","162","Mumbai","700","1050","850"
"2016-04-22","Onion","Maharashtra","Mumbai","27","519","162","Mumbai","750","1100","900"
"2016-04-21","Onion","Maharashtra","Mumbai","27","519","162","Mumbai","700","1050","850"
"2016-04-20","Onion","Maharashtra","Mumbai","27","519","162","Mumbai","600","1000","750"
"2016-04-18","Onion","Maharashtra","Mumbai","27","519","162","Mumbai","650","1050","800"
"2016-04-16","Onion","Maharashtra","Mumbai","27","519","162","Mumbai","600","1000","750"
"2016-04-15","Onion","Maharashtra","Mumbai","27","519","162","Mumbai","650","950","900"
"2016-04-14","Onion","Maharashtra","Mumbai","27","519","162","Mumbai","700","1000","850"
"2016-04-13","Onion","Maharashtra","Mumbai","27","519","162","Mumbai","700","950","850"
"2016-04-12","Onion","Maharashtra","Mumbai","27","519","162","Mumbai","800","1100","950"
"2016-04-11","Onion","Maharashtra","Mumbai","27","519","162","Mumbai","800","1050","850"
"2016-04-09","Onion","Maharashtra","Mumbai","27","519","162","Mumbai","700","1000","750"
"2016-04-07","Onion","Maharashtra","Mumbai","27","519","162","Mumbai","700","1050","800"
"2016-04-06","Onion","Maharashtra","Mumbai","27","519","162","Mumbai","800","1000","900"
"2016-04-05","Onion","Maharashtra","Mumbai","27","519","162","Mumbai","750","950","850"
"2016-04-02","Onion","Maharashtra","Mumbai","27","519","162","Mumbai","800","1000","900"
"2016-04-01","Onion","Maharashtra","Mumbai","27","519","162","Mumbai","850","1050","950"
"2016-03-31","Onion","Maharashtra","Mumbai","27","519","162","Mumbai","950","1100","1000"
"2016-03-30","Onion","Maharashtra","Mumbai","27","519","162","Mumbai","850","1050","950"
"2016-03-29","Onion","Maharashtra","Mumbai","27","519","162","Mumbai","800","1050","900"
"2016-03-28","Onion","Maharashtra","Mumbai","27","519","162","Mumbai","700","950","800"
"2016-03-26","Onion","Maharashtra","Mumbai","27","519","162","Mumbai","800","1050","900"
"2016-03-25","Onion","Maharashtra","Mumbai","27","519","162","Mumbai","700","950","800"
"2016-03-22","Onion","Maharashtra","Mumbai","27","519","162","Mumbai","600","1550","1350"
"2016-03-21","Onion","Maharashtra","Mumbai","27","519","162","Mumbai","700","1000","800"
"2016-03-19","Onion","Maharashtra","Mumbai","27","519","162","Mumbai","600","950","750"
"2016-03-18","Onion","Maharashtra","Mumbai","27","519","162","Mumbai","650","900","800"
"2016-03-17","Onion","Maharashtra","Mumbai","27","519","162","Mumbai","700","950","850"
"2016-03-16","Onion","Maharashtra","Mumbai","27","519","162","Mumbai","650","900","800"
"2016-03-15","Onion","Maharashtra","Mumbai","27","519","162","Mumbai","700","1000","850"
"2016-03-14","Onion","Maharashtra","Mumbai","27","519","162","Mumbai","650","950","800"
"2016-03-12","Onion","Maharashtra","Mumbai","27","519","162","Mumbai","700","1000","850"
"2016-03-11","Onion","Maharashtra","Mumbai","27","519","162","Mumbai","750","1050","900"
"2016-03-10","Onion","Maharashtra","Mumbai","27","519","162","Mumbai","700","1000","850"
"2016-03-09","Onion","Maharashtra","Mumbai","27","519","162","Mumbai","750","1050","900"
"2016-03-08","Onion","Maharashtra","Mumbai","27","519","162","Mumbai","650","1000","850"
"2016-03-05","Onion","Maharashtra","Mumbai","27","519","162","Mumbai","700","1050","900"
"2016-03-04","Onion","Maharashtra","Mumbai","27","519","162","Mumbai","650","1000","850"
"2016-03-03","Onion","Maharashtra","Mumbai","27","519","162","Mumbai","700","1050","900"
"2016-03-02","Onion","Maharashtra","Mumbai","27","519","162","Mumbai","650","1000","850"
"2016-03-01","Onion","Maharashtra","Mumbai","27","519","162","Mumbai","600","950","800"
"2016-02-29","Onion","Maharashtra","Mumbai","27","519","162","Mumbai","650","1000","850"
"2016-02-27","Onion","Maharashtra","Mumbai","27","519","162","Mumbai","600","950","800"
"2016-02-26","Onion","Maharashtra","Mumbai","27","519","162","Mumbai","650","1000","850"
"2016-02-25","Onion","Maharashtra","Mumbai","27","519","162","Mumbai","700","1050","900"
"2016-02-24","Onion","Maharashtra","Mumbai","27","519","162","Mumbai","750","1100","950"
"2016-02-23","Onion","Maharashtra","Mumbai","27","519","162","Mumbai","850","1250","1050"
"2016-02-22","Onion","Maharashtra","Mumbai","27","519","162","Mumbai","800","1200","1100"
"2016-02-20","Onion","Maharashtra","Mumbai","27","519","162","Mumbai","850","1250","1050"
"2016-02-18","Onion","Maharashtra","Mumbai","27","519","162","Mumbai","800","1200","1100"
"2016-02-17","Onion","Maharashtra","Mumbai","27","519","162","Mumbai","850","1250","1150"
"2016-02-16","Onion","Maharashtra","Mumbai","27","519","162","Mumbai","900","1300","1050"
"2016-02-15","Onion","Maharashtra","Mumbai","27","519","162","Mumbai","800","1200","1000"
"2016-02-13","Onion","Maharashtra","Mumbai","27","519","162","Mumbai","850","1150","1000"
"2016-02-12","Onion","Maharashtra","Mumbai","27","519","162","Mumbai","950","1300","1150"
"2016-02-11","Onion","Maharashtra","Mumbai","27","519","162","Mumbai","900","1250","1050"
"2016-02-10","Onion","Maharashtra","Mumbai","27","519","162","Mumbai","850","1350","1100"
"2016-02-09","Onion","Maharashtra","Mumbai","27","519","162","Mumbai","800","1400","1100"
"2016-02-08","Onion","Maharashtra","Mumbai","27","519","162","Mumbai","850","1550","1200"
"2016-02-06","Onion","Maharashtra","Mumbai","27","519","162","Mumbai","800","1500","1150"
"2016-02-04","Onion","Maharashtra","Mumbai","27","519","162","Mumbai","900","1600","1250"
"2016-02-03","Onion","Maharashtra","Mumbai","27","519","162","Mumbai","850","1650","1200"
"2016-02-02","Onion","Maharashtra","Mumbai","27","519","162","Mumbai","800","1700","1250"
"2016-02-01","Onion","Maharashtra","Mumbai","27","519","162","Mumbai","850","1650","1350"
"2016-01-30","Onion","Maharashtra","Mumbai","27","519","162","Mumbai","700","1600","1300"
"2016-01-29","Onion","Maharashtra","Mumbai","27","519","162","Mumbai","450","1500","1200"
"2016-01-28","Onion","Maharashtra","Mumbai","27","519","162","Mumbai","500","1550","1050"
"2016-01-27","Onion","Maharashtra","Mumbai","27","519","162","Mumbai","550","1600","1200"
"2016-01-25","Onion","Maharashtra","Mumbai","27","519","162","Mumbai","500","1550","1250"
"2016-01-23","Onion","Maharashtra","Mumbai","27","519","162","Mumbai","550","1500","1300"
"2016-01-22","Onion","Maharashtra","Mumbai","27","519","162","Mumbai","600","1550","1350"
"2016-01-21","Onion","Maharashtra","Mumbai","27","519","162","Mumbai","650","1600","1400"
"2016-01-20","Onion","Maharashtra","Mumbai","27","519","162","Mumbai","600","1500","1300"
"2016-01-19","Onion","Maharashtra","Mumbai","27","519","162","Mumbai","550","1400","1200"
"2016-01-18","Onion","Maharashtra","Mumbai","27","519","162","Mumbai","450","1300","1000"
"2016-01-16","Onion","Maharashtra","Mumbai","27","519","162","Mumbai","500","1300","1100"
"2016-01-15","Onion","Maharashtra","Mumbai","27","519","162","Mumbai","550","1200","1050"
"2016-01-14","Onion","Maharashtra","Mumbai","27","519","162","Mumbai","600","1100","950"
"2016-01-13","Onion","Maharashtra","Mumbai","27","519","162","Mumbai","500","1050","900"
"2016-01-12","Onion","Maharashtra","Mumbai","27","519","162","Mumbai","550","1100","950"
"2016-01-11","Onion","Maharashtra","Mumbai","27","519","162","Mumbai","600","1200","1000"
"2016-01-09","Onion","Maharashtra","Mumbai","27","519","162","Mumbai","750","1500","1250"
"2016-01-08","Onion","Maharashtra","Mumbai","27","519","162","Mumbai","810","1600","1300"
"2016-01-07","Onion","Maharashtra","Mumbai","27","519","162","Mumbai","850","1650","1350"
"2016-01-06","Onion","Maharashtra","Mumbai","27","519","162","Mumbai","900","1700","1400"
"2016-01-05","Onion","Maharashtra","Mumbai","27","519","162","Mumbai","900","1600","1300"
"2016-01-04","Onion","Maharashtra","Mumbai","27","519","162","Mumbai","850","1450","1300"
"2016-01-02","Onion","Maharashtra","Mumbai","27","519","162","Mumbai","1000","1800","1500"
"2016-01-01","Onion","Maharashtra","Mumbai","27","519","162","Mumbai","1000","1800","1500"
"2015-12-31","Onion","Maharashtra","Mumbai","27","519","162","Mumbai","1000","1800","1600"
"2015-12-30","Onion","Maharashtra","Mumbai","27","519","162","Mumbai","1000","1800","1600"
"2015-12-28","Onion","Maharashtra","Mumbai","27","519","162","Mumbai","1000","1800","1600"
"2015-12-26","Onion","Maharashtra","Mumbai","27","519","162","Mumbai","1000","1800","1600"
"2015-12-25","Onion","Maharashtra","Mumbai","27","519","162","Mumbai","1000","1800","1600"
"2015-12-23","Onion","Maharashtra","Mumbai","27","519","162","Mumbai","950","1700","1500"
"2015-12-22","Onion","Maharashtra","Mumbai","27","519","162","Mumbai","1000","1800","1600"
"2015-12-21","Onion","Maharashtra","Mumbai","27","519","162","Mumbai","950","1700","1500"
"2015-12-19","Onion","Maharashtra","Mumbai","27","519","162","Mumbai","900","1600","1400"
"2015-12-18","Onion","Maharashtra","Mumbai","27","519","162","Mumbai","850","1700","1225"
"2015-12-17","Onion","Maharashtra","Mumbai","27","519","162","Mumbai","800","1600","1200"
"2015-12-16","Onion","Maharashtra","Mumbai","27","519","162","Mumbai","950","1700","1400"
"2015-12-15","Onion","Maharashtra","Mumbai","27","519","162","Mumbai","900","1600","1300"
"2015-12-14","Onion","Maharashtra","Mumbai","27","519","162","Mumbai","950","1700","1400"
"2015-12-12","Onion","Maharashtra","Mumbai","27","519","162","Mumbai","1000","1800","1500"
"2015-12-11","Onion","Maharashtra","Mumbai","27","519","162","Mumbai","950","1700","1400"
"2015-12-10","Onion","Maharashtra","Mumbai","27","519","162","Mumbai","1000","1800","1500"
"2015-12-09","Onion","Maharashtra","Mumbai","27","519","162","Mumbai","1000","1900","1600"
"2015-12-08","Onion","Maharashtra","Mumbai","27","519","162","Mumbai","1100","2000","1700"
"2015-12-07","Onion","Maharashtra","Mumbai","27","519","162","Mumbai","1000","1800","1650"
"2015-12-05","Onion","Maharashtra","Mumbai","27","519","162","Mumbai","1100","2200","1700"
"2015-12-04","Onion","Maharashtra","Mumbai","27","519","162","Mumbai","1200","2300","1750"
"2015-12-03","Onion","Maharashtra","Mumbai","27","519","162","Mumbai","1300","2300","1800"
"2015-12-02","Onion","Maharashtra","Mumbai","27","519","162","Mumbai","1400","2400","1900"
"2015-12-01","Onion","Maharashtra","Mumbai","27","519","162","Mumbai","1500","2500","2000"
"2015-11-30","Onion","Maharashtra","Mumbai","27","519","162","Mumbai","1400","2400","1900"
"2015-11-28","Onion","Maharashtra","Mumbai","27","519","162","Mumbai","1500","2500","2000"
"2015-11-27","Onion","Maharashtra","Mumbai","27","519","162","Mumbai","1600","2600","2100"
"2015-11-26","Onion","Maharashtra","Mumbai","27","519","162","Mumbai","1700","2800","2200"
"2015-11-25","Onion","Maharashtra","Mumbai","27","519","162","Mumbai","1800","2900","2300"
"2015-11-24","Onion","Maharashtra","Mumbai","27","519","162","Mumbai","1900","3000","2400"
"2015-11-23","Onion","Maharashtra","Mumbai","27","519","162","Mumbai","1800","2900","2300"
"2015-11-21","Onion","Maharashtra","Mumbai","27","519","162","Mumbai","1900","3000","2400"
"2015-11-20","Onion","Maharashtra","Mumbai","27","519","162","Mumbai","2100","3300","2600"
"2015-11-19","Onion","Maharashtra","Mumbai","27","519","162","Mumbai","2200","3400","2700"
"2015-11-18","Onion","Maharashtra","Mumbai","27","519","162","Mumbai","2100","3300","2600"
"2015-11-17","Onion","Maharashtra","Mumbai","27","519","162","Mumbai","2200","3400","2700"
"2015-11-16","Onion","Maharashtra","Mumbai","27","519","162","Mumbai","2100","3300","2600"
"2015-11-14","Onion","Maharashtra","Mumbai","27","519","162","Mumbai","2200","3400","2700"
"2015-11-12","Onion","Maharashtra","Mumbai","27","519","162","Mumbai","2300","3500","2800"
"2015-11-10","Onion","Maharashtra","Mumbai","27","519","162","Mumbai","2300","3500","2800"
"2015-11-09","Onion","Maharashtra","Mumbai","27","519","162","Mumbai","5400","7500","6200"
"2015-11-07","Onion","Maharashtra","Mumbai","27","519","162","Mumbai","2500","3700","3000"
"2015-11-06","Onion","Maharashtra","Mumbai","27","519","162","Mumbai","2600","3700","3100"
"2015-11-05","Onion","Maharashtra","Mumbai","27","519","162","Mumbai","2700","3800","3200"
"2015-11-04","Onion","Maharashtra","Mumbai","27","519","162","Mumbai","2900","4000","3400"
"2015-11-03","Onion","Maharashtra","Mumbai","27","519","162","Mumbai","2800","3900","3300"
"2015-11-02","Onion","Maharashtra","Mumbai","27","519","162","Mumbai","2900","4000","3400"
"2015-10-31","Onion","Maharashtra","Mumbai","27","519","162","Mumbai","3000","4100","3500"
"2015-10-30","Onion","Maharashtra","Mumbai","27","519","162","Mumbai","2900","4000","3400"
"2015-10-29","Onion","Maharashtra","Mumbai","27","519","162","Mumbai","3000","4200","3500"
"2015-10-28","Onion","Maharashtra","Mumbai","27","519","162","Mumbai","3100","4300","3600"
"2015-10-27","Onion","Maharashtra","Mumbai","27","519","162","Mumbai","3000","4000","3500"
"2015-10-26","Onion","Maharashtra","Mumbai","27","519","162","Mumbai","2800","3500","3100"
"2015-10-23","Onion","Maharashtra","Mumbai","27","519","162","Mumbai","2700","3400","3000"
"2015-10-22","Onion","Maharashtra","Mumbai","27","519","162","Mumbai","2800","3500","3100"
"2015-10-21","Onion","Maharashtra","Mumbai","27","519","162","Mumbai","2700","3600","3200"
"2015-10-20","Onion","Maharashtra","Mumbai","27","519","162","Mumbai","2800","3700","3300"
"2015-10-19","Onion","Maharashtra","Mumbai","27","519","162","Mumbai","2900","3800","3400"
"2015-10-17","Onion","Maharashtra","Mumbai","27","519","162","Mumbai","3000","3900","3500"
"2015-10-16","Onion","Maharashtra","Mumbai","27","519","162","Mumbai","3100","4000","3800"
"2015-10-15","Onion","Maharashtra","Mumbai","27","519","162","Mumbai","3200","4200","4000"
"2015-10-14","Onion","Maharashtra","Mumbai","27","519","162","Mumbai","3300","4300","4100"
"2015-10-13","Onion","Maharashtra","Mumbai","27","519","162","Mumbai","3400","4400","4200"
"2015-10-12","Onion","Maharashtra","Mumbai","27","519","162","Mumbai","3300","4300","4100"
"2015-10-10","Onion","Maharashtra","Mumbai","27","519","162","Mumbai","3400","4400","4200"
"2015-10-09","Onion","Maharashtra","Mumbai","27","519","162","Mumbai","3500","4500","3800"
"2015-10-08","Onion","Maharashtra","Mumbai","27","519","162","Mumbai","3600","4500","4200"
"2015-10-07","Onion","Maharashtra","Mumbai","27","519","162","Mumbai","3500","4400","4100"
"2015-10-06","Onion","Maharashtra","Mumbai","27","519","162","Mumbai","3600","4500","4200"
"2015-10-05","Onion","Maharashtra","Mumbai","27","519","162","Mumbai","3500","4300","4000"
"2015-10-03","Onion","Maharashtra","Mumbai","27","519","162","Mumbai","3600","4500","4100"
"2015-10-02","Onion","Maharashtra","Mumbai","27","519","162","Mumbai","3600","4500","4200"
"2015-10-01","Onion","Maharashtra","Mumbai","27","519","162","Mumbai","3700","4500","4300"
"2015-09-30","Onion","Maharashtra","Mumbai","27","519","162","Mumbai","3600","4500","4200"
"2015-09-29","Onion","Maharashtra","Mumbai","27","519","162","Mumbai","3800","4700","4500"
"2015-09-28","Onion","Maharashtra","Mumbai","27","519","162","Mumbai","3700","4600","4400"
"2015-09-26","Onion","Maharashtra","Mumbai","27","519","162","Mumbai","2700","4600","3650"
"2015-09-24","Onion","Maharashtra","Mumbai","27","519","162","Mumbai","3800","4700","4500"
"2015-09-23","Onion","Maharashtra","Mumbai","27","519","162","Mumbai","3900","4900","4700"
"2015-09-22","Onion","Maharashtra","Mumbai","27","519","162","Mumbai","4000","5000","4800"
"2015-09-21","Onion","Maharashtra","Mumbai","27","519","162","Mumbai","3100","5200","4150"
"2015-09-19","Onion","Maharashtra","Mumbai","27","519","162","Mumbai","4400","5300","5100"
"2015-09-17","Onion","Maharashtra","Mumbai","27","519","162","Mumbai","3100","5200","4150"
"2015-09-16","Onion","Maharashtra","Mumbai","27","519","162","Mumbai","4400","5300","5100"
"2015-09-15","Onion","Maharashtra","Mumbai","27","519","162","Mumbai","4500","5500","5200"
"2015-09-14","Onion","Maharashtra","Mumbai","27","519","162","Mumbai","4400","5300","5100"
"2015-09-12","Onion","Maharashtra","Mumbai","27","519","162","Mumbai","3100","5200","4150"
"2015-09-11","Onion","Maharashtra","Mumbai","27","519","162","Mumbai","4500","5400","5100"
"2015-09-10","Onion","Maharashtra","Mumbai","27","519","162","Mumbai","4600","5500","5200"
"2015-09-09","Onion","Maharashtra","Mumbai","27","519","162","Mumbai","4400","6500","5500"
"2015-09-08","Onion","Maharashtra","Mumbai","27","519","162","Mumbai","4300","5200","4900"
"2015-09-07","Onion","Maharashtra","Mumbai","27","519","162","Mumbai","4100","5000","4800"
"2015-09-05","Onion","Maharashtra","Mumbai","27","519","162","Mumbai","4000","4800","4600"
"2015-09-04","Onion","Maharashtra","Mumbai","27","519","162","Mumbai","3300","5000","4150"
"2015-09-03","Onion","Maharashtra","Mumbai","27","519","162","Mumbai","4500","5200","5000"
"2015-09-02","Onion","Maharashtra","Mumbai","27","519","162","Mumbai","3300","5000","4150"
"2015-09-01","Onion","Maharashtra","Mumbai","27","519","162","Mumbai","4500","5200","5000"
"2015-08-31","Onion","Maharashtra","Mumbai","27","519","162","Mumbai","3500","5250","4375"
"2015-08-29","Onion","Maharashtra","Mumbai","27","519","162","Mumbai","4700","5300","5000"
"2015-08-28","Onion","Maharashtra","Mumbai","27","519","162","Mumbai","4500","5500","5200"
"2015-08-27","Onion","Maharashtra","Mumbai","27","519","162","Mumbai","5000","6000","5900"
"2015-08-26","Onion","Maharashtra","Mumbai","27","519","162","Mumbai","3900","6000","4650"
"2015-08-25","Onion","Maharashtra","Mumbai","27","519","162","Mumbai","5000","6200","6100"
"2015-08-24","Onion","Maharashtra","Mumbai","27","519","162","Mumbai","5100","6100","6000"
"2015-08-22","Onion","Maharashtra","Mumbai","27","519","162","Mumbai","5000","6000","5900"
"2015-08-21","Onion","Maharashtra","Mumbai","27","519","162","Mumbai","4000","5800","5500"
"2015-08-20","Onion","Maharashtra","Mumbai","27","519","162","Mumbai","3500","4800","4400"
"2015-08-19","Onion","Maharashtra","Mumbai","27","519","162","Mumbai","3300","4700","4300"
"2015-08-18","Onion","Maharashtra","Mumbai","27","519","162","Mumbai","3200","4600","4200"
"2015-08-17","Onion","Maharashtra","Mumbai","27","519","162","Mumbai","3100","4500","4000"
"2015-08-13","Onion","Maharashtra","Mumbai","27","519","162","Mumbai","3500","3900","3700"
"2015-08-12","Onion","Maharashtra","Mumbai","27","519","162","Mumbai","2600","3800","3600"
"2015-08-11","Onion","Maharashtra","Mumbai","27","519","162","Mumbai","2900","3900","3700"
"2015-08-10","Onion","Maharashtra","Mumbai","27","519","162","Mumbai","3300","3800","3700"
"2015-08-08","Onion","Maharashtra","Mumbai","27","519","162","Mumbai","2900","3700","3600"
"2015-08-07","Onion","Maharashtra","Mumbai","27","519","162","Mumbai","3300","3800","3750"
"2015-08-06","Onion","Maharashtra","Mumbai","27","519","162","Mumbai","3400","3900","3850"
"2015-08-05","Onion","Maharashtra","Mumbai","27","519","162","Mumbai","3300","3900","3800"
"2015-08-04","Onion","Maharashtra","Mumbai","27","519","162","Mumbai","3200","3800","3700"
"2015-08-03","Onion","Maharashtra","Mumbai","27","519","162","Mumbai","3100","3700","3600"
"2015-08-01","Onion","Maharashtra","Mumbai","27","519","162","Mumbai","3000","3600","3300"
"2015-07-31","Onion","Maharashtra","Mumbai","27","519","162","Mumbai","3100","3600","3400"
"2015-07-30","Onion","Maharashtra","Mumbai","27","519","162","Mumbai","3000","3800","3600"
"2015-07-29","Onion","Maharashtra","Mumbai","27","519","162","Mumbai","2900","3800","3700"
"2015-07-28","Onion","Maharashtra","Mumbai","27","519","162","Mumbai","2600","3300","3200"
"2015-07-27","Onion","Maharashtra","Mumbai","27","519","162","Mumbai","2400","3100","3000"
"2015-07-25","Onion","Maharashtra","Mumbai","27","519","162","Mumbai","2300","2900","2700"
"2015-07-24","Onion","Maharashtra","Mumbai","27","519","162","Mumbai","2300","2800","2600"
"2015-07-23","Onion","Maharashtra","Mumbai","27","519","162","Mumbai","1800","2300","2200"
"2015-07-22","Onion","Maharashtra","Mumbai","27","519","162","Mumbai","1800","2300","2200"
"2015-07-21","Onion","Maharashtra","Mumbai","27","519","162","Mumbai","1700","2200","2100"
"2015-07-20","Onion","Maharashtra","Mumbai","27","519","162","Mumbai","1800","2200","2100"
"2015-07-17","Onion","Maharashtra","Mumbai","27","519","162","Mumbai","1800","2000","1850"
"2015-07-16","Onion","Maharashtra","Mumbai","27","519","162","Mumbai","1800","2200","2100"
"2015-07-15","Onion","Maharashtra","Mumbai","27","519","162","Mumbai","1800","2200","2100"
"2015-07-14","Onion","Maharashtra","Mumbai","27","519","162","Mumbai","1800","2200","2100"
"2015-07-13","Onion","Maharashtra","Mumbai","27","519","162","Mumbai","1600","2100","1950"
"2015-07-11","Onion","Maharashtra","Mumbai","27","519","162","Mumbai","1600","2100","1900"
"2015-07-10","Onion","Maharashtra","Mumbai","27","519","162","Mumbai","1500","2100","1900"
"2015-07-09","Onion","Maharashtra","Mumbai","27","519","162","Mumbai","1500","2100","1900"
"2015-07-08","Onion","Maharashtra","Mumbai","27","519","162","Mumbai","1500","2100","1900"
"2015-07-07","Onion","Maharashtra","Mumbai","27","519","162","Mumbai","1500","2100","1900"
"2015-07-06","Onion","Maharashtra","Mumbai","27","519","162","Mumbai","1500","2000","1800"
"2015-07-04","Onion","Maharashtra","Mumbai","27","519","162","Mumbai","1500","2000","1800"
"2015-07-03","Onion","Maharashtra","Mumbai","27","519","162","Mumbai","1500","2000","1800"
"2015-07-02","Onion","Maharashtra","Mumbai","27","519","162","Mumbai","1500","2000","1800"
"2015-07-01","Onion","Maharashtra","Mumbai","27","519","162","Mumbai","1500","2000","1800"
"2015-06-30","Onion","Maharashtra","Mumbai","27","519","162","Mumbai","1700","2000","1850"
"2015-06-29","Onion","Maharashtra","Mumbai","27","519","162","Mumbai","1600","2100","1900"
"2015-06-27","Onion","Maharashtra","Mumbai","27","519","162","Mumbai","1600","2100","1900"
"2015-06-26","Onion","Maharashtra","Mumbai","27","519","162","Mumbai","1800","2200","2000"
"2015-06-25","Onion","Maharashtra","Mumbai","27","519","162","Mumbai","1800","2200","2000"
"2015-06-24","Onion","Maharashtra","Mumbai","27","519","162","Mumbai","1800","2100","2000"
"2015-06-23","Onion","Maharashtra","Mumbai","27","519","162","Mumbai","1800","2100","2000"
"2015-06-22","Onion","Maharashtra","Mumbai","27","519","162","Mumbai","1500","2200","2000"
"2015-06-20","Onion","Maharashtra","Mumbai","27","519","162","Mumbai","2000","2200","2100"
"2015-06-19","Onion","Maharashtra","Mumbai","27","519","162","Mumbai","1900","2100","2000"
"2015-06-18","Onion","Maharashtra","Mumbai","27","519","162","Mumbai","2000","2200","2100"
"2015-06-17","Onion","Maharashtra","Mumbai","27","519","162","Mumbai","2000","2200","2100"
"2015-06-16","Onion","Maharashtra","Mumbai","27","519","162","Mumbai","2000","2300","2150"
"2015-06-15","Onion","Maharashtra","Mumbai","27","519","162","Mumbai","2000","2300","2150"
"2015-06-13","Onion","Maharashtra","Mumbai","27","519","162","Mumbai","2000","2200","2100"
"2015-06-12","Onion","Maharashtra","Mumbai","27","519","162","Mumbai","2000","2300","2150"
"2015-06-11","Onion","Maharashtra","Mumbai","27","519","162","Mumbai","2200","2400","2300"
"2015-06-10","Onion","Maharashtra","Mumbai","27","519","162","Mumbai","2200","2400","2300"
"2015-06-09","Onion","Maharashtra","Mumbai","27","519","162","Mumbai","2200","2400","2300"
"2015-06-08","Onion","Maharashtra","Mumbai","27","519","162","Mumbai","2200","2500","2350"
"2015-06-06","Onion","Maharashtra","Mumbai","27","519","162","Mumbai","1900","2100","2000"
"2015-06-05","Onion","Maharashtra","Mumbai","27","519","162","Mumbai","1900","2100","2000"
"2015-06-04","Onion","Maharashtra","Mumbai","27","519","162","Mumbai","1900","2100","2000"
"2015-06-03","Onion","Maharashtra","Mumbai","27","519","162","Mumbai","1900","2000","1950"
"2015-06-02","Onion","Maharashtra","Mumbai","27","519","162","Mumbai","1850","1950","1900"
"2015-06-01","Onion","Maharashtra","Mumbai","27","519","162","Mumbai","1800","2000","1900"
"2015-05-30","Onion","Maharashtra","Mumbai","27","519","162","Mumbai","1600","1900","1750"
"2015-05-29","Onion","Maharashtra","Mumbai","27","519","162","Mumbai","1600","1900","1750"
"2015-05-28","Onion","Maharashtra","Mumbai","27","519","162","Mumbai","1700","1900","1800"
"2015-05-27","Onion","Maharashtra","Mumbai","27","519","162","Mumbai","1500","1800","1650"
"2015-05-26","Onion","Maharashtra","Mumbai","27","519","162","Mumbai","1500","1800","1650"
"2015-05-25","Onion","Maharashtra","Mumbai","27","519","162","Mumbai","1500","1800","1650"
"2015-05-23","Onion","Maharashtra","Mumbai","27","519","162","Mumbai","1600","1700","1650"
"2015-05-22","Onion","Maharashtra","Mumbai","27","519","162","Mumbai","1500","1700","1600"
"2015-05-21","Onion","Maharashtra","Mumbai","27","519","162","Mumbai","1500","1700","1600"
"2015-05-20","Onion","Maharashtra","Mumbai","27","519","162","Mumbai","1400","1700","1550"
"2015-05-19","Onion","Maharashtra","Mumbai","27","519","162","Mumbai","1400","1800","1600"
"2015-05-18","Onion","Maharashtra","Mumbai","27","519","162","Mumbai","1400","1700","1550"
"2015-05-16","Onion","Maharashtra","Mumbai","27","519","162","Mumbai","1400","1700","1550"
"2015-05-15","Onion","Maharashtra","Mumbai","27","519","162","Mumbai","1400","1600","1500"
"2015-05-14","Onion","Maharashtra","Mumbai","27","519","162","Mumbai","1200","1400","1300"
"2015-05-13","Onion","Maharashtra","Mumbai","27","519","162","Mumbai","1500","1700","1600"
"2015-05-13","Onion","Maharashtra","Mumbai","27","519","162","Mumbai","1500","1700","1600"
"2015-05-12","Onion","Maharashtra","Mumbai","27","519","162","Mumbai","1500","1700","1600"
"2015-05-11","Onion","Maharashtra","Mumbai","27","519","162","Mumbai","1450","1750","1600"
"2015-05-09","Onion","Maharashtra","Mumbai","27","519","162","Mumbai","1400","1700","1550"
"2015-05-08","Onion","Maharashtra","Mumbai","27","519","162","Mumbai","1400","1700","1550"
"2015-05-07","Onion","Maharashtra","Mumbai","27","519","162","Mumbai","1400","1700","1550"
"2015-05-06","Onion","Maharashtra","Mumbai","27","519","162","Mumbai","1400","1700","1550"
"2015-05-04","Onion","Maharashtra","Mumbai","27","519","162","Mumbai","1400","1500","1450"
"2015-05-02","Onion","Maharashtra","Mumbai","27","519","162","Mumbai","1300","1500","1400"
"2015-04-30","Onion","Maharashtra","Mumbai","27","519","162","Mumbai","1300","1500","1400"
"2015-04-29","Onion","Maharashtra","Mumbai","27","519","162","Mumbai","1300","1500","1400"
"2015-04-28","Onion","Maharashtra","Mumbai","27","519","162","Mumbai","1300","1500","1400"
"2015-04-27","Onion","Maharashtra","Mumbai","27","519","162","Mumbai","1200","1400","1300"
"2015-04-25","Onion","Maharashtra","Mumbai","27","519","162","Mumbai","1200","1400","1300"
"2015-04-24","Onion","Maharashtra","Mumbai","27","519","162","Mumbai","1300","1500","1400"
"2015-04-23","Onion","Maharashtra","Mumbai","27","519","162","Mumbai","1300","1500","1400"
"2015-04-21","Onion","Maharashtra","Mumbai","27","519","162","Mumbai","1200","1400","1300"
"2015-04-18","Onion","Maharashtra","Mumbai","27","519","162","Mumbai","1300","1500","1400"
"2015-04-17","Onion","Maharashtra","Mumbai","27","519","162","Mumbai","1300","1500","1400"
"2015-04-16","Onion","Maharashtra","Mumbai","27","519","162","Mumbai","1200","1400","1300"
"2015-04-15","Onion","Maharashtra","Mumbai","27","519","162","Mumbai","1200","1400","1300"
"2015-04-14","Onion","Maharashtra","Mumbai","27","519","162","Mumbai","800","1400","1100"
"2015-04-13","Onion","Maharashtra","Mumbai","27","519","162","Mumbai","1200","1400","1300"
"2015-04-11","Onion","Maharashtra","Mumbai","27","519","162","Mumbai","1200","1400","1300"
"2015-04-10","Onion","Maharashtra","Mumbai","27","519","162","Mumbai","1200","1400","1300"
"2015-04-09","Onion","Maharashtra","Mumbai","27","519","162","Mumbai","1300","1500","1400"
"2015-04-07","Onion","Maharashtra","Mumbai","27","519","162","Mumbai","1300","1500","1400"
"2015-04-06","Onion","Maharashtra","Mumbai","27","519","162","Mumbai","900","1500","1200"
"2015-04-04","Onion","Maharashtra","Mumbai","27","519","162","Mumbai","1300","1500","1400"
"2015-04-03","Onion","Maharashtra","Mumbai","27","519","162","Mumbai","1200","1400","1300"
"2015-04-02","Onion","Maharashtra","Mumbai","27","519","162","Mumbai","1300","1500","1400"
"2015-04-01","Onion","Maharashtra","Mumbai","27","519","162","Mumbai","1200","1400","1300"
"2015-03-31","Onion","Maharashtra","Mumbai","27","519","162","Mumbai","1300","1500","1400"
"2015-03-30","Onion","Maharashtra","Mumbai","27","519","162","Mumbai","1200","1400","1300"
"2015-03-28","Onion","Maharashtra","Mumbai","27","519","162","Mumbai","1300","1500","1400"
"2015-03-27","Onion","Maharashtra","Mumbai","27","519","162","Mumbai","1200","1400","1300"
"2015-03-26","Onion","Maharashtra","Mumbai","27","519","162","Mumbai","900","1600","1250"
"2015-03-25","Onion","Maharashtra","Mumbai","27","519","162","Mumbai","1200","1400","1300"
"2015-03-24","Onion","Maharashtra","Mumbai","27","519","162","Mumbai","1200","1300","1250"
"2015-03-21","Onion","Maharashtra","Mumbai","27","519","162","Mumbai","1100","1300","1200"
"2015-03-20","Onion","Maharashtra","Mumbai","27","519","162","Mumbai","1300","1500","1400"
"2015-03-18","Onion","Maharashtra","Mumbai","27","519","162","Mumbai","1300","1500","1400"
"2015-03-17","Onion","Maharashtra","Mumbai","27","519","162","Mumbai","1400","1600","1500"
"2015-03-14","Onion","Maharashtra","Mumbai","27","519","162","Mumbai","1500","1700","1600"
"2015-03-13","Onion","Maharashtra","Mumbai","27","519","162","Mumbai","1400","1600","1500"
"2015-03-12","Onion","Maharashtra","Mumbai","27","519","162","Mumbai","1500","1700","1600"
"2015-03-11","Onion","Maharashtra","Mumbai","27","519","162","Mumbai","1500","1700","1600"
"2015-03-10","Onion","Maharashtra","Mumbai","27","519","162","Mumbai","1500","1700","1600"
"2015-03-09","Onion","Maharashtra","Mumbai","27","519","162","Mumbai","1500","1700","1600"
"2015-03-07","Onion","Maharashtra","Mumbai","27","519","162","Mumbai","1500","1700","1600"
"2015-03-05","Onion","Maharashtra","Mumbai","27","519","162","Mumbai","1000","1600","1300"
"2015-03-04","Onion","Maharashtra","Mumbai","27","519","162","Mumbai","1100","1600","1350"
"2015-03-03","Onion","Maharashtra","Mumbai","27","519","162","Mumbai","1100","1700","1400"
"2015-03-02","Onion","Maharashtra","Mumbai","27","519","162","Mumbai","1000","1800","1400"
"2015-02-28","Onion","Maharashtra","Mumbai","27","519","162","Mumbai","1300","1500","1400"
"2015-02-27","Onion","Maharashtra","Mumbai","27","519","162","Mumbai","1200","1500","1350"
"2015-02-25","Onion","Maharashtra","Mumbai","27","519","162","Mumbai","1400","1600","1500"
"2015-02-23","Onion","Maharashtra","Mumbai","27","519","162","Mumbai","1200","1600","1400"
"2015-02-18","Onion","Maharashtra","Mumbai","27","519","162","Mumbai","1200","1800","1500"
"2015-02-16","Onion","Maharashtra","Mumbai","27","519","162","Mumbai","1500","1700","1600"
"2015-02-14","Onion","Maharashtra","Mumbai","27","519","162","Mumbai","1400","1700","1550"
"2015-02-13","Onion","Maharashtra","Mumbai","27","519","162","Mumbai","1200","1700","1450"
"2015-02-12","Onion","Maharashtra","Mumbai","27","519","162","Mumbai","1300","1700","1500"
"2015-02-11","Onion","Maharashtra","Mumbai","27","519","162","Mumbai","1300","1700","1500"
"2015-02-10","Onion","Maharashtra","Mumbai","27","519","162","Mumbai","1300","1700","1500"
"2015-02-09","Onion","Maharashtra","Mumbai","27","519","162","Mumbai","1300","1700","1500"
"2015-02-07","Onion","Maharashtra","Mumbai","27","519","162","Mumbai","1300","1800","1550"
"2015-02-06","Onion","Maharashtra","Mumbai","27","519","162","Mumbai","1400","1800","1600"
"2015-02-05","Onion","Maharashtra","Mumbai","27","519","162","Mumbai","1200","1800","1500"
"2015-02-04","Onion","Maharashtra","Mumbai","27","519","162","Mumbai","1200","1800","1500"
"2015-02-03","Onion","Maharashtra","Mumbai","27","519","162","Mumbai","1100","1800","1450"
"2015-02-02","Onion","Maharashtra","Mumbai","27","519","162","Mumbai","1200","1700","1450"
"2015-01-31","Onion","Maharashtra","Mumbai","27","519","162","Mumbai","1200","1600","1400"
"2015-01-30","Onion","Maharashtra","Mumbai","27","519","162","Mumbai","1350","1650","1500"
"2015-01-29","Onion","Maharashtra","Mumbai","27","519","162","Mumbai","1300","1600","1450"
"2015-01-28","Onion","Maharashtra","Mumbai","27","519","162","Mumbai","1200","1700","1450"
"2015-01-27","Onion","Maharashtra","Mumbai","27","519","162","Mumbai","1000","1700","1350"
"2015-01-22","Onion","Maharashtra","Mumbai","27","519","162","Mumbai","1300","1650","1475"
"2015-01-21","Onion","Maharashtra","Mumbai","27","519","162","Mumbai","1000","1600","1350"
"2015-01-20","Onion","Maharashtra","Mumbai","27","519","162","Mumbai","1100","1600","1350"
"2015-01-19","Onion","Maharashtra","Mumbai","27","519","162","Mumbai","900","1600","1250"
"2015-01-16","Onion","Maharashtra","Mumbai","27","519","162","Mumbai","1200","1600","1400"
"2015-01-15","Onion","Maharashtra","Mumbai","27","519","162","Mumbai","1100","1600","1350"
"2015-01-14","Onion","Maharashtra","Mumbai","27","519","162","Mumbai","1300","1700","1500"
"2015-01-13","Onion","Maharashtra","Mumbai","27","519","162","Mumbai","1300","1700","1500"
"2015-01-12","Onion","Maharashtra","Mumbai","27","519","162","Mumbai","1200","1600","1400"
"2015-01-10","Onion","Maharashtra","Mumbai","27","519","162","Mumbai","1200","1600","1400"
"2015-01-09","Onion","Maharashtra","Mumbai","27","519","162","Mumbai","1300","1700","1500"
"2015-01-08","Onion","Maharashtra","Mumbai","27","519","162","Mumbai","1100","1700","1400"
"2015-01-07","Onion","Maharashtra","Mumbai","27","519","162","Mumbai","1200","1800","1500"
"2015-01-06","Onion","Maharashtra","Mumbai","27","519","162","Mumbai","1200","1800","1500"
"2015-01-05","Onion","Maharashtra","Mumbai","27","519","162","Mumbai","1100","1800","1450"
"2015-01-03","Onion","Maharashtra","Mumbai","27","519","162","Mumbai","1100","1900","1500"
"2015-01-02","Onion","Maharashtra","Mumbai","27","519","162","Mumbai","1200","1800","1500"
"2015-01-01","Onion","Maharashtra","Mumbai","27","519","162","Mumbai","1200","2000","1600"
"2014-12-31","Onion","Maharashtra","Mumbai","27","519","162","Mumbai","1200","1800","1500"
"2014-12-30","Onion","Maharashtra","Mumbai","27","519","162","Mumbai","1200","1700","1450"
"2014-12-29","Onion","Maharashtra","Mumbai","27","519","162","Mumbai","1200","1800","1500"
"2014-12-27","Onion","Maharashtra","Mumbai","27","519","162","Mumbai","1300","1800","1550"
"2014-12-26","Onion","Maharashtra","Mumbai","27","519","162","Mumbai","1300","2000","1650"
"2014-12-25","Onion","Maharashtra","Mumbai","27","519","162","Mumbai","1400","2200","1800"
"2014-12-24","Onion","Maharashtra","Mumbai","27","519","162","Mumbai","1700","2100","1900"
"2014-12-23","Onion","Maharashtra","Mumbai","27","519","162","Mumbai","1500","2200","1850"
"2014-12-22","Onion","Maharashtra","Mumbai","27","519","162","Mumbai","1600","2400","2000"
"2014-12-20","Onion","Maharashtra","Mumbai","27","519","162","Mumbai","1800","2300","2050"
"2014-12-19","Onion","Maharashtra","Mumbai","27","519","162","Mumbai","1800","2300","2050"
"2014-12-18","Onion","Maharashtra","Mumbai","27","519","162","Mumbai","1800","2400","2100"
"2014-12-17","Onion","Maharashtra","Mumbai","27","519","162","Mumbai","1300","2200","1750"
"2014-12-16","Onion","Maharashtra","Mumbai","27","519","162","Mumbai","1300","2200","1750"
"2014-12-15","Onion","Maharashtra","Mumbai","27","519","162","Mumbai","1200","2100","1650"
"2014-12-13","Onion","Maharashtra","Mumbai","27","519","162","Mumbai","1200","2000","1600"
"2014-12-11","Onion","Maharashtra","Mumbai","27","519","162","Mumbai","1400","2300","1850"
"2014-12-10","Onion","Maharashtra","Mumbai","27","519","162","Mumbai","1500","2200","1850"
"2014-12-09","Onion","Maharashtra","Mumbai","27","519","162","Mumbai","1500","2300","1900"
"2014-12-08","Onion","Maharashtra","Mumbai","27","519","162","Mumbai","1300","2200","1750"
"2014-12-06","Onion","Maharashtra","Mumbai","27","519","162","Mumbai","1500","2300","1900"
"2014-12-05","Onion","Maharashtra","Mumbai","27","519","162","Mumbai","1400","2400","1900"
"2014-12-04","Onion","Maharashtra","Mumbai","27","519","162","Mumbai","1500","2500","2000"
"2014-12-03","Onion","Maharashtra","Mumbai","27","519","162","Mumbai","1500","2300","1900"
"2014-12-02","Onion","Maharashtra","Mumbai","27","519","162","Mumbai","1500","2400","1950"
"2014-12-01","Onion","Maharashtra","Mumbai","27","519","162","Mumbai","1500","2200","1850"
"2014-11-29","Onion","Maharashtra","Mumbai","27","519","162","Mumbai","1500","2500","2000"
"2014-11-28","Onion","Maharashtra","Mumbai","27","519","162","Mumbai","1500","2500","2000"
"2014-11-27","Onion","Maharashtra","Mumbai","27","519","162","Mumbai","1500","2500","2000"
"2014-11-26","Onion","Maharashtra","Mumbai","27","519","162","Mumbai","1600","2500","2050"
"2014-11-25","Onion","Maharashtra","Mumbai","27","519","162","Mumbai","1400","2500","1950"
"2014-11-24","Onion","Maharashtra","Mumbai","27","519","162","Mumbai","1400","2300","1850"
"2014-11-22","Onion","Maharashtra","Mumbai","27","519","162","Mumbai","1300","2200","1750"
"2014-11-21","Onion","Maharashtra","Mumbai","27","519","162","Mumbai","1300","2200","1750"
"2014-11-20","Onion","Maharashtra","Mumbai","27","519","162","Mumbai","1200","2200","1700"
"2014-11-19","Onion","Maharashtra","Mumbai","27","519","162","Mumbai","1300","2200","1750"
"2014-11-18","Onion","Maharashtra","Mumbai","27","519","162","Mumbai","1600","2300","1950"
"2014-11-17","Onion","Maharashtra","Mumbai","27","519","162","Mumbai","1700","2400","2050"
"2014-11-15","Onion","Maharashtra","Mumbai","27","519","162","Mumbai","1200","2100","1650"
"2014-11-14","Onion","Maharashtra","Mumbai","27","519","162","Mumbai","1300","2000","1650"
"2014-11-13","Onion","Maharashtra","Mumbai","27","519","162","Mumbai","1300","2200","1750"
"2014-11-12","Onion","Maharashtra","Mumbai","27","519","162","Mumbai","1200","2100","1650"
"2014-11-11","Onion","Maharashtra","Mumbai","27","519","162","Mumbai","1200","2200","1700"
"2014-11-10","Onion","Maharashtra","Mumbai","27","519","162","Mumbai","1200","2200","1700"
"2014-11-08","Onion","Maharashtra","Mumbai","27","519","162","Mumbai","2900","6000","4450"
"2014-11-07","Onion","Maharashtra","Mumbai","27","519","162","Mumbai","1400","2200","1800"
"2014-11-06","Onion","Maharashtra","Mumbai","27","519","162","Mumbai","1400","2200","1800"
"2014-11-05","Onion","Maharashtra","Mumbai","27","519","162","Mumbai","1400","2200","1800"
"2014-11-03","Onion","Maharashtra","Mumbai","27","519","162","Mumbai","1400","2200","1800"
"2014-11-01","Onion","Maharashtra","Mumbai","27","519","162","Mumbai","1600","2300","1950"
"2014-10-30","Onion","Maharashtra","Mumbai","27","519","162","Mumbai","1500","2300","1900"
"2014-10-29","Onion","Maharashtra","Mumbai","27","519","162","Mumbai","1500","2400","1950"
"2014-10-28","Onion","Maharashtra","Mumbai","27","519","162","Mumbai","1500","2100","1800"
"2014-10-21","Onion","Maharashtra","Mumbai","27","519","162","Mumbai","1200","2200","1700"
"2014-10-20","Onion","Maharashtra","Mumbai","27","519","162","Mumbai","1200","2200","1700"
"2014-10-18","Onion","Maharashtra","Mumbai","27","519","162","Mumbai","1200","2000","1600"
"2014-10-17","Onion","Maharashtra","Mumbai","27","519","162","Mumbai","1500","2100","1800"
"2014-10-16","Onion","Maharashtra","Mumbai","27","519","162","Mumbai","1100","2000","1550"
"2014-10-14","Onion","Maharashtra","Mumbai","27","519","162","Mumbai","1100","2000","1550"
"2014-10-09","Onion","Maharashtra","Mumbai","27","519","162","Mumbai","1000","1800","1400"
"2014-10-07","Onion","Maharashtra","Mumbai","27","519","162","Mumbai","1000","1800","1400"
"2014-09-30","Onion","Maharashtra","Mumbai","27","519","162","Mumbai","900","1500","1200"
"2014-09-29","Onion","Maharashtra","Mumbai","27","519","162","Mumbai","800","1500","1150"
"2014-09-27","Onion","Maharashtra","Mumbai","27","519","162","Mumbai","800","1600","1200"
"2014-09-26","Onion","Maharashtra","Mumbai","27","519","162","Mumbai","900","1700","1300"
"2014-09-24","Onion","Maharashtra","Mumbai","27","519","162","Mumbai","900","1700","1300"
"2014-09-23","Onion","Maharashtra","Mumbai","27","519","162","Mumbai","1000","1800","1400"
"2014-09-22","Onion","Maharashtra","Mumbai","27","519","162","Mumbai","1000","1800","1400"
"2014-09-20","Onion","Maharashtra","Mumbai","27","519","162","Mumbai","1200","1900","1550"
"2014-09-19","Onion","Maharashtra","Mumbai","27","519","162","Mumbai","1200","1800","1500"
"2014-09-18","Onion","Maharashtra","Mumbai","27","519","162","Mumbai","1200","1900","1550"
"2014-09-17","Onion","Maharashtra","Mumbai","27","519","162","Mumbai","1200","2000","1600"
"2014-09-16","Onion","Maharashtra","Mumbai","27","519","162","Mumbai","1600","2000","1800"
"2014-09-15","Onion","Maharashtra","Mumbai","27","519","162","Mumbai","1200","2000","1600"
"2014-09-13","Onion","Maharashtra","Mumbai","27","519","162","Mumbai","1200","2000","1600"
"2014-09-12","Onion","Maharashtra","Mumbai","27","519","162","Mumbai","1300","2000","1650"
"2014-09-11","Onion","Maharashtra","Mumbai","27","519","162","Mumbai","1300","2100","1700"
"2014-09-10","Onion","Maharashtra","Mumbai","27","519","162","Mumbai","1400","2000","1700"
"2014-09-09","Onion","Maharashtra","Mumbai","27","519","162","Mumbai","1400","2000","1700"
"2014-09-06","Onion","Maharashtra","Mumbai","27","519","162","Mumbai","1400","2000","1700"
"2014-09-05","Onion","Maharashtra","Mumbai","27","519","162","Mumbai","1500","2000","1750"
"2014-09-04","Onion","Maharashtra","Mumbai","27","519","162","Mumbai","1300","2000","1650"
"2014-09-03","Onion","Maharashtra","Mumbai","27","519","162","Mumbai","1400","1800","1600"
"2014-09-02","Onion","Maharashtra","Mumbai","27","519","162","Mumbai","1500","2000","1750"
"2014-09-01","Onion","Maharashtra","Mumbai","27","519","162","Mumbai","1500","2300","1900"
"2014-08-29","Onion","Maharashtra","Mumbai","27","519","162","Mumbai","1500","2300","1900"
"2014-08-28","Onion","Maharashtra","Mumbai","27","519","162","Mumbai","1500","2400","1950"
"2014-08-27","Onion","Maharashtra","Mumbai","27","519","162","Mumbai","1500","2400","1950"
"2014-08-26","Onion","Maharashtra","Mumbai","27","519","162","Mumbai","1500","2400","1950"
"2014-08-25","Onion","Maharashtra","Mumbai","27","519","162","Mumbai","1500","2300","1900"
"2014-08-23","Onion","Maharashtra","Mumbai","27","519","162","Mumbai","1500","2200","1850"
"2014-08-22","Onion","Maharashtra","Mumbai","27","519","162","Mumbai","1500","2300","1900"
"2014-08-21","Onion","Maharashtra","Mumbai","27","519","162","Mumbai","1500","2200","1850"
"2014-08-20","Onion","Maharashtra","Mumbai","27","519","162","Mumbai","1500","2300","1900"
"2014-08-19","Onion","Maharashtra","Mumbai","27","519","162","Mumbai","1500","2400","1950"
"2014-08-16","Onion","Maharashtra","Mumbai","27","519","162","Mumbai","1600","2400","2000"
"2014-08-14","Onion","Maharashtra","Mumbai","27","519","162","Mumbai","1500","2100","1800"
"2014-08-13","Onion","Maharashtra","Mumbai","27","519","162","Mumbai","1500","2400","1950"
"2014-08-12","Onion","Maharashtra","Mumbai","27","519","162","Mumbai","1300","2200","1750"
"2014-08-11","Onion","Maharashtra","Mumbai","27","519","162","Mumbai","1100","1700","1400"
"2014-08-09","Onion","Maharashtra","Mumbai","27","519","162","Mumbai","1200","2200","1700"
"2014-08-08","Onion","Maharashtra","Mumbai","27","519","162","Mumbai","1200","2400","1800"
"2014-08-07","Onion","Maharashtra","Mumbai","27","519","162","Mumbai","1600","2500","2050"
"2014-08-06","Onion","Maharashtra","Mumbai","27","519","162","Mumbai","1500","2600","2050"
"2014-08-05","Onion","Maharashtra","Mumbai","27","519","162","Mumbai","1600","2400","2000"
"2014-08-04","Onion","Maharashtra","Mumbai","27","519","162","Mumbai","1400","2300","1850"
"2014-08-02","Onion","Maharashtra","Mumbai","27","519","162","Mumbai","1600","2400","2000"
"2014-08-01","Onion","Maharashtra","Mumbai","27","519","162","Mumbai","1600","2400","2000"
"2014-07-31","Onion","Maharashtra","Mumbai","27","519","162","Mumbai","1700","2400","2050"
"2014-07-30","Onion","Maharashtra","Mumbai","27","519","162","Mumbai","1800","2500","2150"
"2014-07-28","Onion","Maharashtra","Mumbai","27","519","162","Mumbai","1800","2400","2100"
"2014-07-26","Onion","Maharashtra","Mumbai","27","519","162","Mumbai","1700","2400","2050"
"2014-07-25","Onion","Maharashtra","Mumbai","27","519","162","Mumbai","1700","2400","2050"
"2014-07-24","Onion","Maharashtra","Mumbai","27","519","162","Mumbai","1800","2400","2100"
"2014-07-23","Onion","Maharashtra","Mumbai","27","519","162","Mumbai","1800","2500","2150"
"2014-07-22","Onion","Maharashtra","Mumbai","27","519","162","Mumbai","1800","2600","2200"
"2014-07-21","Onion","Maharashtra","Mumbai","27","519","162","Mumbai","1800","2600","2200"
"2014-07-19","Onion","Maharashtra","Mumbai","27","519","162","Mumbai","1900","2650","2275"
"2014-07-18","Onion","Maharashtra","Mumbai","27","519","162","Mumbai","1900","2700","2300"
"2014-07-17","Onion","Maharashtra","Mumbai","27","519","162","Mumbai","1900","2700","2300"
"2014-07-16","Onion","Maharashtra","Mumbai","27","519","162","Mumbai","1800","2400","2200"
"2014-07-15","Onion","Maharashtra","Mumbai","27","519","162","Mumbai","1800","2600","2200"
"2014-07-14","Onion","Maharashtra","Mumbai","27","519","162","Mumbai","1800","2600","2200"
"2014-07-12","Onion","Maharashtra","Mumbai","27","519","162","Mumbai","1800","2600","2200"
"2014-07-11","Onion","Maharashtra","Mumbai","27","519","162","Mumbai","1800","2700","2250"
"2014-07-10","Onion","Maharashtra","Mumbai","27","519","162","Mumbai","1600","2700","2150"
"2014-07-09","Onion","Maharashtra","Mumbai","27","519","162","Mumbai","1800","2600","2200"
"2014-07-08","Onion","Maharashtra","Mumbai","27","519","162","Mumbai","1900","2800","2350"
"2014-07-07","Onion","Maharashtra","Mumbai","27","519","162","Mumbai","1600","2700","2150"
"2014-07-05","Onion","Maharashtra","Mumbai","27","519","162","Mumbai","1800","2500","2150"
"2014-07-04","Onion","Maharashtra","Mumbai","27","519","162","Mumbai","1800","2600","2200"
"2014-07-03","Onion","Maharashtra","Mumbai","27","519","162","Mumbai","1600","2600","2100"
"2014-07-02","Onion","Maharashtra","Mumbai","27","519","162","Mumbai","1600","2600","2100"
"2014-07-01","Onion","Maharashtra","Mumbai","27","519","162","Mumbai","1600","2700","2150"
"2014-06-30","Onion","Maharashtra","Mumbai","27","519","162","Mumbai","1700","2700","2200"
"2014-06-28","Onion","Maharashtra","Mumbai","27","519","162","Mumbai","1600","2500","2050"
"2014-06-27","Onion","Maharashtra","Mumbai","27","519","162","Mumbai","1600","2400","2000"
"2014-06-26","Onion","Maharashtra","Mumbai","27","519","162","Mumbai","1600","2300","1950"
"2014-06-25","Onion","Maharashtra","Mumbai","27","519","162","Mumbai","1600","2100","1850"
"2014-06-24","Onion","Maharashtra","Mumbai","27","519","162","Mumbai","1500","2200","1850"
"2014-06-23","Onion","Maharashtra","Mumbai","27","519","162","Mumbai","1400","2100","1750"
"2014-06-21","Onion","Maharashtra","Mumbai","27","519","162","Mumbai","1500","2200","1850"
"2014-06-20","Onion","Maharashtra","Mumbai","27","519","162","Mumbai","1400","2300","1850"
"2014-06-19","Onion","Maharashtra","Mumbai","27","519","162","Mumbai","1400","2200","1800"
"2014-06-18","Onion","Maharashtra","Mumbai","27","519","162","Mumbai","1400","2200","1800"
"2014-06-17","Onion","Maharashtra","Mumbai","27","519","162","Mumbai","1300","2300","1800"
"2014-06-16","Onion","Maharashtra","Mumbai","27","519","162","Mumbai","1500","2100","1800"
"2014-06-14","Onion","Maharashtra","Mumbai","27","519","162","Mumbai","1500","2000","1750"
"2014-06-12","Onion","Maharashtra","Mumbai","27","519","162","Mumbai","1400","2100","1750"
"2014-06-11","Onion","Maharashtra","Mumbai","27","519","162","Mumbai","1400","2200","1800"
"2014-06-10","Onion","Maharashtra","Mumbai","27","519","162","Mumbai","1200","2000","1600"
"2014-06-09","Onion","Maharashtra","Mumbai","27","519","162","Mumbai","1000","1900","1450"
"2014-06-07","Onion","Maharashtra","Mumbai","27","519","162","Mumbai","1000","1900","1450"
"2014-06-06","Onion","Maharashtra","Mumbai","27","519","162","Mumbai","1400","1750","1575"
"2014-06-05","Onion","Maharashtra","Mumbai","27","519","162","Mumbai","900","1900","1400"
"2014-06-04","Onion","Maharashtra","Mumbai","27","519","162","Mumbai","800","1700","1250"
"2014-06-03","Onion","Maharashtra","Mumbai","27","519","162","Mumbai","900","1750","1325"
"2014-06-02","Onion","Maharashtra","Mumbai","27","519","162","Mumbai","1200","1700","1450"
"2014-05-31","Onion","Maharashtra","Mumbai","27","519","162","Mumbai","800","1600","1200"
"2014-05-30","Onion","Maharashtra","Mumbai","27","519","162","Mumbai","900","1600","1250"
"2014-05-29","Onion","Maharashtra","Mumbai","27","519","162","Mumbai","800","1600","1200"
"2014-05-27","Onion","Maharashtra","Mumbai","27","519","162","Mumbai","800","1600","1200"
"2014-05-26","Onion","Maharashtra","Mumbai","27","519","162","Mumbai","900","1600","1250"
"2014-05-24","Onion","Maharashtra","Mumbai","27","519","162","Mumbai","800","1600","1200"
"2014-05-23","Onion","Maharashtra","Mumbai","27","519","162","Mumbai","1000","1500","1250"
"2014-05-22","Onion","Maharashtra","Mumbai","27","519","162","Mumbai","800","1600","1200"
"2014-05-21","Onion","Maharashtra","Mumbai","27","519","162","Mumbai","900","1500","1200"
"2014-05-20","Onion","Maharashtra","Mumbai","27","519","162","Mumbai","1000","1600","1300"
"2014-05-19","Onion","Maharashtra","Mumbai","27","519","162","Mumbai","900","1500","1200"
"2014-05-17","Onion","Maharashtra","Mumbai","27","519","162","Mumbai","1000","1500","1250"
"2014-05-16","Onion","Maharashtra","Mumbai","27","519","162","Mumbai","1000","1500","1250"
"2014-05-15","Onion","Maharashtra","Mumbai","27","519","162","Mumbai","800","1400","1100"
"2014-05-14","Onion","Maharashtra","Mumbai","27","519","162","Mumbai","700","1400","1050"
"2014-05-13","Onion","Maharashtra","Mumbai","27","519","162","Mumbai","700","1400","1050"
"2014-05-12","Onion","Maharashtra","Mumbai","27","519","162","Mumbai","600","1400","1000"
"2014-05-10","Onion","Maharashtra","Mumbai","27","519","162","Mumbai","600","1400","1000"
"2014-05-09","Onion","Maharashtra","Mumbai","27","519","162","Mumbai","600","1400","1000"
"2014-05-08","Onion","Maharashtra","Mumbai","27","519","162","Mumbai","700","1400","1050"
"2014-05-07","Onion","Maharashtra","Mumbai","27","519","162","Mumbai","800","1400","1100"
"2014-05-06","Onion","Maharashtra","Mumbai","27","519","162","Mumbai","700","1350","1025"
"2014-05-05","Onion","Maharashtra","Mumbai","27","519","162","Mumbai","800","1350","1050"
"2014-05-03","Onion","Maharashtra","Mumbai","27","519","162","Mumbai","700","1300","1000"
"2014-05-02","Onion","Maharashtra","Mumbai","27","519","162","Mumbai","700","1300","1000"
"2014-04-30","Onion","Maharashtra","Mumbai","27","519","162","Mumbai","700","1350","1050"
"2014-04-28","Onion","Maharashtra","Mumbai","27","519","162","Mumbai","800","1350","1075"
"2014-04-26","Onion","Maharashtra","Mumbai","27","519","162","Mumbai","800","1400","1100"
"2014-04-25","Onion","Maharashtra","Mumbai","27","519","162","Mumbai","800","1300","1050"
"2014-04-23","Onion","Maharashtra","Mumbai","27","519","162","Mumbai","600","1200","900"
"2014-04-22","Onion","Maharashtra","Mumbai","27","519","162","Mumbai","700","1250","975"
"2014-04-21","Onion","Maharashtra","Mumbai","27","519","162","Mumbai","600","1300","950"
"2014-04-19","Onion","Maharashtra","Mumbai","27","519","162","Mumbai","600","1300","950"
"2014-04-17","Onion","Maharashtra","Mumbai","27","519","162","Mumbai","600","1300","950"
"2014-04-16","Onion","Maharashtra","Mumbai","27","519","162","Mumbai","600","1300","950"
"2014-04-15","Onion","Maharashtra","Mumbai","27","519","162","Mumbai","500","1150","825"
"2014-04-14","Onion","Maharashtra","Mumbai","27","519","162","Mumbai","600","1200","900"
"2014-04-11","Onion","Maharashtra","Mumbai","27","519","162","Mumbai","400","1150","775"
"2014-04-08","Onion","Maharashtra","Mumbai","27","519","162","Mumbai","500","1100","800"
"2014-04-07","Onion","Maharashtra","Mumbai","27","519","162","Mumbai","600","1150","875"
"2014-04-05","Onion","Maharashtra","Mumbai","27","519","162","Mumbai","800","1200","1000"
"2014-04-04","Onion","Maharashtra","Mumbai","27","519","162","Mumbai","800","1200","1000"
"2014-04-03","Onion","Maharashtra","Mumbai","27","519","162","Mumbai","800","1200","1000"
"2014-04-02","Onion","Maharashtra","Mumbai","27","519","162","Mumbai","800","1200","1000"
"2014-04-01","Onion","Maharashtra","Mumbai","27","519","162","Mumbai","800","1200","1000"
"2014-03-29","Onion","Maharashtra","Mumbai","27","519","162","Mumbai","800","1200","1000"
"2014-03-28","Onion","Maharashtra","Mumbai","27","519","162","Mumbai","700","1100","900"
"2014-03-27","Onion","Maharashtra","Mumbai","27","519","162","Mumbai","700","1100","900"
"2014-03-26","Onion","Maharashtra","Mumbai","27","519","162","Mumbai","700","1050","875"
"2014-03-25","Onion","Maharashtra","Mumbai","27","519","162","Mumbai","800","1100","950"
"2014-03-24","Onion","Maharashtra","Mumbai","27","519","162","Mumbai","700","1050","875"
"2014-03-22","Onion","Maharashtra","Mumbai","27","519","162","Mumbai","700","1100","900"
"2014-03-20","Onion","Maharashtra","Mumbai","27","519","162","Mumbai","700","1050","875"
"2014-03-19","Onion","Maharashtra","Mumbai","27","519","162","Mumbai","700","1050","875"
"2014-03-18","Onion","Maharashtra","Mumbai","27","519","162","Mumbai","700","1100","900"
"2014-03-15","Onion","Maharashtra","Mumbai","27","519","162","Mumbai","800","1100","950"
"2014-03-14","Onion","Maharashtra","Mumbai","27","519","162","Mumbai","700","1100","900"
"2014-03-13","Onion","Maharashtra","Mumbai","27","519","162","Mumbai","600","1050","825"
"2014-03-12","Onion","Maharashtra","Mumbai","27","519","162","Mumbai","600","1050","825"
"2014-03-11","Onion","Maharashtra","Mumbai","27","519","162","Mumbai","700","1050","875"
"2014-03-10","Onion","Maharashtra","Mumbai","27","519","162","Mumbai","600","1000","800"
"2014-03-08","Onion","Maharashtra","Mumbai","27","519","162","Mumbai","600","900","750"
"2014-03-07","Onion","Maharashtra","Mumbai","27","519","162","Mumbai","600","850","725"
"2014-03-06","Onion","Maharashtra","Mumbai","27","519","162","Mumbai","600","900","750"
"2014-03-05","Onion","Maharashtra","Mumbai","27","519","162","Mumbai","600","900","750"
"2014-03-04","Onion","Maharashtra","Mumbai","27","519","162","Mumbai","600","850","725"
"2014-03-03","Onion","Maharashtra","Mumbai","27","519","162","Mumbai","600","850","725"
"2014-03-01","Onion","Maharashtra","Mumbai","27","519","162","Mumbai","650","850","750"
"2014-02-28","Onion","Maharashtra","Mumbai","27","519","162","Mumbai","600","900","750"
"2014-02-26","Onion","Maharashtra","Mumbai","27","519","162","Mumbai","600","900","750"
"2014-02-25","Onion","Maharashtra","Mumbai","27","519","162","Mumbai","600","900","750"
"2014-02-24","Onion","Maharashtra","Mumbai","27","519","162","Mumbai","600","900","750"
"2014-02-22","Onion","Maharashtra","Mumbai","27","519","162","Mumbai","550","850","700"
"2014-02-21","Onion","Maharashtra","Mumbai","27","519","162","Mumbai","550","850","700"
"2014-02-20","Onion","Maharashtra","Mumbai","27","519","162","Mumbai","500","750","625"
"2014-02-18","Onion","Maharashtra","Mumbai","27","519","162","Mumbai","500","750","625"
"2014-02-17","Onion","Maharashtra","Mumbai","27","519","162","Mumbai","500","800","650"
"2014-02-15","Onion","Maharashtra","Mumbai","27","519","162","Mumbai","550","800","675"
"2014-02-14","Onion","Maharashtra","Mumbai","27","519","162","Mumbai","500","750","625"
"2014-02-13","Onion","Maharashtra","Mumbai","27","519","162","Mumbai","500","800","650"
"2014-02-12","Onion","Maharashtra","Mumbai","27","519","162","Mumbai","500","800","650"
"2014-02-11","Onion","Maharashtra","Mumbai","27","519","162","Mumbai","500","750","625"
"2014-02-10","Onion","Maharashtra","Mumbai","27","519","162","Mumbai","600","900","750"
"2014-02-08","Onion","Maharashtra","Mumbai","27","519","162","Mumbai","600","950","775"
"2014-02-07","Onion","Maharashtra","Mumbai","27","519","162","Mumbai","700","900","800"
"2014-02-06","Onion","Maharashtra","Mumbai","27","519","162","Mumbai","700","1000","850"
"2014-02-05","Onion","Maharashtra","Mumbai","27","519","162","Mumbai","700","1000","850"
"2014-02-04","Onion","Maharashtra","Mumbai","27","519","162","Mumbai","700","1000","850"
"2014-02-03","Onion","Maharashtra","Mumbai","27","519","162","Mumbai","700","1000","850"
"2014-02-01","Onion","Maharashtra","Mumbai","27","519","162","Mumbai","800","1000","900"
"2014-01-31","Onion","Maharashtra","Mumbai","27","519","162","Mumbai","850","1050","950"
"2014-01-30","Onion","Maharashtra","Mumbai","27","519","162","Mumbai","800","1100","950"
"2014-01-29","Onion","Maharashtra","Mumbai","27","519","162","Mumbai","800","1150","975"
"2014-01-27","Onion","Maharashtra","Mumbai","27","519","162","Mumbai","800","1150","975"
"2014-01-25","Onion","Maharashtra","Mumbai","27","519","162","Mumbai","800","1100","950"
"2014-01-24","Onion","Maharashtra","Mumbai","27","519","162","Mumbai","800","1200","1000"
"2014-01-23","Onion","Maharashtra","Mumbai","27","519","162","Mumbai","900","1200","1050"
"2014-01-22","Onion","Maharashtra","Mumbai","27","519","162","Mumbai","900","1300","1100"
"2014-01-21","Onion","Maharashtra","Mumbai","27","519","162","Mumbai","900","1200","1050"
"2014-01-20","Onion","Maharashtra","Mumbai","27","519","162","Mumbai","900","1200","1050"
"2014-01-18","Onion","Maharashtra","Mumbai","27","519","162","Mumbai","900","1300","1100"
"2014-01-17","Onion","Maharashtra","Mumbai","27","519","162","Mumbai","900","1200","1050"
"2014-01-16","Onion","Maharashtra","Mumbai","27","519","162","Mumbai","1000","1300","1150"
"2014-01-15","Onion","Maharashtra","Mumbai","27","519","162","Mumbai","900","1300","1100"
"2014-01-13","Onion","Maharashtra","Mumbai","27","519","162","Mumbai","1000","1300","1150"
"2014-01-11","Onion","Maharashtra","Mumbai","27","519","162","Mumbai","900","1200","1050"
"2014-01-10","Onion","Maharashtra","Mumbai","27","519","162","Mumbai","1000","1400","1200"
"2014-01-09","Onion","Maharashtra","Mumbai","27","519","162","Mumbai","1000","1400","1200"
"2014-01-08","Onion","Maharashtra","Mumbai","27","519","162","Mumbai","1200","1500","1350"
"2014-01-07","Onion","Maharashtra","Mumbai","27","519","162","Mumbai","1100","1400","1250"
"2014-01-06","Onion","Maharashtra","Mumbai","27","519","162","Mumbai","1100","1500","1300"
"2014-01-03","Onion","Maharashtra","Mumbai","27","519","162","Mumbai","1300","1700","1500"
"2014-01-01","Onion","Maharashtra","Mumbai","27","519","162","Mumbai","1100","1600","1350"